 140.000  140.000  140.000  141.000  140.000  140.000  141.000  141.000  142.000  143.000  142.000  143.000  144.000  142.000  141.000  152.000  170.000  176.000  179.000  182.000  184.000  187.000  189.000  191.000  193.000  195.000  195.000  195.000  195.000  194.000  192.000  190.000  188.000  185.000  181.000  178.000  175.000  171.000  167.000  163.000  150.000  141.000  142.000  142.000  141.000  142.000  142.000  143.000  142.000  141.000  140.000  140.000  140.000  139.000  139.000  139.000  138.000  137.000  135.000  133.000  131.000  130.000  129.000  129.000
 139.000  139.000  139.000  139.000  139.000  139.000  140.000  140.000  140.000  141.000  141.000  142.000  141.000  141.000  142.000  147.000  166.000  172.000  175.000  178.000  181.000  183.000  184.000  185.000  187.000  187.000  187.000  186.000  185.000  184.000  181.000  177.000  173.000  167.000  164.000  160.000  157.000  153.000  148.000  144.000  140.000  141.000  141.000  141.000  141.000  142.000  142.000  142.000  142.000  141.000  140.000  141.000  141.000  140.000  139.000  139.000  138.000  137.000  135.000  133.000  132.000  131.000  130.000  128.000
 140.000  140.000  139.000  139.000  140.000  140.000  140.000  141.000  141.000  142.000  143.000  143.000  143.000  143.000  143.000  144.000  152.000  152.000  154.000  156.000  156.000  157.000  158.000  158.000  158.000  157.000  156.000  154.000  152.000  151.000  150.000  148.000  148.000  146.000  144.000  142.000  142.000  143.000  142.000  143.000  142.000  142.000  142.000  142.000  142.000  141.000  143.000  142.000  141.000  140.000  139.000  140.000  140.000  140.000  139.000  138.000  139.000  138.000  136.000  134.000  131.000  125.000  121.000  117.000
 142.000  141.000  140.000  140.000  140.000  142.000  143.000  143.000  142.000  143.000  143.000  143.000  144.000  144.000  144.000  144.000  145.000  145.000  145.000  146.000  146.000  146.000  147.000  148.000  148.000  148.000  148.000  147.000  147.000  146.000  145.000  144.000  145.000  144.000  143.000  143.000  142.000  142.000  142.000  143.000  143.000  143.000  143.000  141.000  141.000  142.000  143.000  142.000  141.000  140.000  140.000  140.000  140.000  139.000  138.000  137.000  137.000  136.000  134.000  133.000  131.000  123.000  113.000  113.000
 142.000  141.000  141.000  140.000  141.000  141.000  143.000  142.000  141.000  143.000  144.000  144.000  145.000  145.000  145.000  144.000  145.000  146.000  147.000  147.000  148.000  149.000  150.000  150.000  151.000  150.000  150.000  150.000  148.000  148.000  146.000  145.000  145.000  143.000  143.000  141.000  141.000  141.000  141.000  142.000  142.000  142.000  142.000  141.000  141.000  140.000  141.000  141.000  140.000  140.000  141.000  140.000  139.000  139.000  139.000  138.000  137.000  136.000  134.000  134.000  134.000  133.000  118.000  66.000
 142.000  142.000  142.000  142.000  142.000  143.000  143.000  143.000  143.000  144.000  145.000  145.000  145.000  146.000  146.000  145.000  145.000  145.000  146.000  146.000  147.000  148.000  148.000  150.000  151.000  150.000  150.000  149.000  148.000  148.000  146.000  145.000  145.000  144.000  143.000  142.000  142.000  142.000  142.000  141.000  141.000  142.000  142.000  141.000  141.000  140.000  141.000  140.000  140.000  140.000  141.000  141.000  141.000  140.000  140.000  139.000  138.000  136.000  136.000  135.000  136.000  137.000  132.000  94.000
 142.000  142.000  142.000  142.000  141.000  142.000  143.000  143.000  144.000  144.000  144.000  144.000  144.000  145.000  145.000  145.000  145.000  146.000  146.000  148.000  149.000  150.000  151.000  151.000  152.000  153.000  152.000  151.000  151.000  150.000  148.000  146.000  147.000  146.000  145.000  143.000  143.000  142.000  142.000  142.000  143.000  143.000  143.000  142.000  141.000  141.000  141.000  140.000  140.000  141.000  142.000  141.000  140.000  139.000  139.000  138.000  138.000  138.000  138.000  137.000  138.000  139.000  138.000  131.000
 141.000  140.000  141.000  141.000  141.000  141.000  142.000  143.000  144.000  144.000  144.000  145.000  145.000  146.000  146.000  145.000  147.000  147.000  148.000  149.000  150.000  151.000  152.000  153.000  154.000  155.000  155.000  154.000  152.000  151.000  149.000  148.000  148.000  147.000  146.000  145.000  144.000  143.000  142.000  142.000  143.000  143.000  143.000  144.000  143.000  142.000  142.000  141.000  141.000  141.000  143.000  142.000  143.000  142.000  141.000  140.000  139.000  138.000  137.000  137.000  137.000  138.000  139.000  138.000
 141.000  141.000  141.000  141.000  142.000  142.000  142.000  143.000  144.000  144.000  144.000  145.000  146.000  146.000  146.000  147.000  148.000  149.000  150.000  151.000  152.000  153.000  154.000  156.000  157.000  156.000  155.000  154.000  153.000  151.000  149.000  148.000  147.000  146.000  146.000  145.000  144.000  143.000  144.000  144.000  145.000  144.000  144.000  144.000  145.000  145.000  144.000  143.000  143.000  143.000  144.000  144.000  144.000  143.000  141.000  140.000  138.000  137.000  137.000  137.000  137.000  137.000  138.000  138.000
 142.000  143.000  143.000  142.000  144.000  144.000  144.000  144.000  144.000  145.000  145.000  145.000  146.000  147.000  147.000  147.000  148.000  149.000  149.000  151.000  153.000  154.000  155.000  155.000  156.000  156.000  155.000  156.000  154.000  152.000  151.000  149.000  148.000  147.000  147.000  147.000  146.000  145.000  145.000  145.000  145.000  145.000  145.000  145.000  145.000  144.000  145.000  145.000  144.000  143.000  143.000  144.000  143.000  143.000  142.000  140.000  139.000  139.000  138.000  138.000  138.000  138.000  138.000  139.000
 144.000  144.000  143.000  141.000  141.000  141.000  143.000  143.000  144.000  145.000  145.000  146.000  146.000  146.000  145.000  146.000  146.000  148.000  150.000  151.000  153.000  154.000  155.000  155.000  157.000  157.000  155.000  155.000  154.000  153.000  152.000  150.000  148.000  147.000  147.000  147.000  146.000  145.000  145.000  145.000  144.000  144.000  144.000  144.000  144.000  144.000  145.000  145.000  145.000  144.000  144.000  144.000  143.000  142.000  141.000  139.000  139.000  138.000  138.000  138.000  138.000  138.000  138.000  138.000
 143.000  143.000  143.000  143.000  143.000  143.000  143.000  143.000  144.000  144.000  145.000  146.000  146.000  147.000  147.000  147.000  148.000  149.000  151.000  152.000  154.000  155.000  156.000  157.000  158.000  158.000  157.000  156.000  156.000  155.000  153.000  152.000  149.000  148.000  148.000  148.000  147.000  147.000  146.000  145.000  144.000  145.000  144.000  144.000  144.000  144.000  144.000  144.000  145.000  144.000  144.000  143.000  143.000  142.000  141.000  140.000  139.000  139.000  138.000  138.000  138.000  138.000  138.000  138.000
 143.000  144.000  144.000  143.000  143.000  144.000  144.000  145.000  145.000  146.000  147.000  148.000  148.000  148.000  148.000  148.000  149.000  150.000  151.000  153.000  154.000  155.000  157.000  158.000  158.000  159.000  159.000  159.000  157.000  155.000  153.000  152.000  151.000  149.000  147.000  147.000  147.000  145.000  145.000  144.000  144.000  144.000  145.000  144.000  144.000  143.000  143.000  143.000  144.000  144.000  143.000  142.000  142.000  141.000  141.000  140.000  139.000  139.000  138.000  138.000  138.000  137.000  137.000  137.000
 143.000  143.000  143.000  145.000  145.000  145.000  145.000  145.000  145.000  145.000  146.000  147.000  147.000  148.000  147.000  148.000  149.000  150.000  152.000  153.000  154.000  155.000  157.000  156.000  157.000  158.000  158.000  158.000  156.000  155.000  153.000  153.000  151.000  149.000  149.000  149.000  148.000  146.000  145.000  144.000  143.000  142.000  142.000  142.000  142.000  143.000  143.000  143.000  143.000  142.000  141.000  141.000  142.000  142.000  142.000  141.000  141.000  140.000  140.000  139.000  139.000  138.000  137.000  138.000
 143.000  143.000  144.000  145.000  145.000  145.000  145.000  145.000  145.000  145.000  145.000  146.000  146.000  147.000  147.000  147.000  148.000  150.000  151.000  153.000  154.000  156.000  157.000  157.000  158.000  159.000  158.000  158.000  157.000  156.000  154.000  154.000  152.000  150.000  149.000  148.000  147.000  145.000  145.000  143.000  142.000  141.000  141.000  141.000  142.000  143.000  142.000  142.000  142.000  142.000  142.000  141.000  142.000  141.000  142.000  142.000  141.000  140.000  140.000  139.000  138.000  137.000  137.000  137.000
 144.000  144.000  144.000  144.000  144.000  144.000  144.000  144.000  144.000  145.000  146.000  147.000  147.000  147.000  148.000  148.000  148.000  150.000  151.000  152.000  154.000  155.000  157.000  158.000  158.000  159.000  159.000  159.000  157.000  156.000  155.000  153.000  151.000  148.000  147.000  146.000  147.000  146.000  146.000  145.000  144.000  142.000  142.000  142.000  142.000  142.000  142.000  143.000  142.000  142.000  142.000  142.000  143.000  142.000  142.000  142.000  140.000  139.000  138.000  138.000  138.000  138.000  137.000  136.000
 143.000  143.000  143.000  143.000  143.000  144.000  144.000  145.000  145.000  146.000  146.000  146.000  147.000  147.000  147.000  148.000  149.000  150.000  151.000  153.000  154.000  155.000  156.000  157.000  159.000  160.000  160.000  159.000  157.000  156.000  155.000  154.000  152.000  151.000  149.000  148.000  147.000  146.000  145.000  145.000  144.000  143.000  142.000  142.000  143.000  142.000  142.000  142.000  142.000  141.000  140.000  140.000  140.000  139.000  139.000  139.000  139.000  139.000  139.000  138.000  137.000  137.000  136.000  136.000
 142.000  143.000  143.000  143.000  144.000  143.000  144.000  145.000  145.000  146.000  147.000  147.000  148.000  148.000  148.000  149.000  150.000  150.000  151.000  153.000  153.000  154.000  155.000  156.000  157.000  158.000  158.000  158.000  156.000  155.000  155.000  153.000  153.000  152.000  149.000  147.000  146.000  146.000  146.000  145.000  144.000  142.000  141.000  140.000  139.000  139.000  139.000  140.000  141.000  139.000  138.000  138.000  139.000  139.000  138.000  138.000  137.000  137.000  137.000  136.000  135.000  135.000  135.000  135.000
 144.000  144.000  144.000  145.000  144.000  144.000  145.000  146.000  146.000  147.000  148.000  148.000  148.000  149.000  148.000  149.000  149.000  149.000  150.000  152.000  153.000  154.000  155.000  156.000  157.000  158.000  158.000  158.000  159.000  157.000  156.000  154.000  153.000  151.000  148.000  147.000  145.000  143.000  143.000  143.000  143.000  141.000  140.000  140.000  139.000  137.000  138.000  138.000  140.000  139.000  138.000  137.000  137.000  138.000  137.000  137.000  136.000  137.000  136.000  136.000  136.000  136.000  136.000  136.000
 145.000  145.000  145.000  144.000  145.000  144.000  145.000  145.000  146.000  146.000  146.000  147.000  148.000  148.000  148.000  149.000  149.000  149.000  150.000  150.000  152.000  153.000  154.000  155.000  156.000  157.000  157.000  157.000  157.000  155.000  153.000  152.000  151.000  149.000  148.000  147.000  146.000  144.000  143.000  142.000  141.000  140.000  140.000  139.000  138.000  136.000  137.000  138.000  138.000  138.000  138.000  138.000  137.000  138.000  138.000  138.000  137.000  138.000  138.000  137.000  137.000  137.000  136.000  136.000
 144.000  144.000  144.000  145.000  145.000  144.000  144.000  144.000  144.000  145.000  146.000  146.000  147.000  147.000  146.000  146.000  148.000  148.000  148.000  149.000  151.000  150.000  152.000  152.000  153.000  154.000  155.000  156.000  155.000  154.000  153.000  151.000  151.000  149.000  147.000  145.000  144.000  143.000  142.000  141.000  140.000  139.000  139.000  138.000  137.000  137.000  138.000  138.000  139.000  139.000  138.000  138.000  138.000  138.000  138.000  137.000  137.000  137.000  137.000  137.000  136.000  136.000  135.000  134.000
 143.000  144.000  145.000  144.000  144.000  144.000  144.000  145.000  145.000  145.000  145.000  146.000  145.000  145.000  144.000  144.000  146.000  146.000  146.000  147.000  149.000  149.000  150.000  151.000  152.000  153.000  155.000  156.000  154.000  154.000  152.000  151.000  150.000  148.000  146.000  145.000  144.000  142.000  142.000  141.000  140.000  140.000  139.000  138.000  138.000  137.000  137.000  138.000  138.000  138.000  138.000  137.000  137.000  137.000  137.000  137.000  137.000  136.000  136.000  136.000  136.000  136.000  135.000  135.000
 144.000  144.000  144.000  143.000  143.000  143.000  143.000  142.000  143.000  143.000  144.000  145.000  146.000  146.000  145.000  145.000  146.000  147.000  146.000  147.000  147.000  147.000  148.000  150.000  151.000  153.000  154.000  154.000  153.000  153.000  152.000  152.000  149.000  148.000  147.000  145.000  144.000  142.000  141.000  141.000  142.000  141.000  140.000  140.000  139.000  137.000  137.000  136.000  135.000  135.000  136.000  136.000  137.000  137.000  137.000  137.000  137.000  136.000  135.000  135.000  135.000  136.000  136.000  136.000
 141.000  142.000  142.000  143.000  144.000  144.000  142.000  142.000  144.000  144.000  144.000  145.000  145.000  145.000  144.000  144.000  145.000  146.000  147.000  147.000  147.000  147.000  149.000  150.000  151.000  152.000  153.000  153.000  153.000  152.000  152.000  151.000  149.000  147.000  146.000  145.000  143.000  143.000  142.000  141.000  140.000  139.000  138.000  137.000  137.000  137.000  136.000  135.000  135.000  136.000  137.000  136.000  136.000  135.000  135.000  136.000  136.000  136.000  136.000  137.000  138.000  139.000  138.000  137.000
 143.000  143.000  142.000  144.000  143.000  142.000  142.000  143.000  143.000  143.000  144.000  144.000  144.000  144.000  144.000  145.000  145.000  145.000  145.000  146.000  147.000  147.000  148.000  149.000  151.000  151.000  152.000  152.000  151.000  150.000  150.000  150.000  148.000  146.000  144.000  144.000  141.000  141.000  140.000  140.000  139.000  139.000  139.000  138.000  137.000  137.000  136.000  135.000  134.000  136.000  137.000  136.000  137.000  139.000  140.000  141.000  141.000  141.000  141.000  139.000  137.000  137.000  135.000  135.000
 142.000  141.000  141.000  142.000  141.000  141.000  141.000  141.000  142.000  142.000  143.000  143.000  145.000  144.000  144.000  144.000  145.000  145.000  145.000  145.000  144.000  145.000  147.000  148.000  150.000  150.000  161.000  157.000  149.000  149.000  148.000  148.000  146.000  145.000  143.000  142.000  141.000  141.000  140.000  139.000  139.000  137.000  137.000  137.000  136.000  137.000  138.000  138.000  138.000  139.000  141.000  139.000  139.000  140.000  140.000  139.000  138.000  137.000  137.000  136.000  135.000  135.000  135.000  136.000
 141.000  142.000  141.000  141.000  142.000  143.000  142.000  141.000  142.000  142.000  143.000  143.000  143.000  144.000  143.000  143.000  144.000  144.000  145.000  144.000  141.000  141.000  145.000  148.000  149.000  157.000  168.000  167.000  154.000  147.000  146.000  146.000  146.000  143.000  141.000  140.000  140.000  139.000  138.000  139.000  138.000  138.000  138.000  139.000  139.000  140.000  139.000  139.000  138.000  138.000  139.000  139.000  139.000  139.000  139.000  137.000  136.000  135.000  136.000  136.000  135.000  135.000  136.000  136.000
 142.000  142.000  142.000  143.000  142.000  142.000  142.000  142.000  141.000  142.000  142.000  142.000  143.000  143.000  143.000  142.000  142.000  141.000  143.000  142.000  138.000  136.000  138.000  143.000  154.000  166.000  168.000  168.000  163.000  147.000  144.000  144.000  144.000  142.000  141.000  141.000  141.000  141.000  142.000  142.000  142.000  141.000  140.000  140.000  141.000  140.000  137.000  135.000  136.000  135.000  136.000  136.000  137.000  137.000  135.000  135.000  135.000  135.000  135.000  135.000  135.000  134.000  134.000  133.000
 141.000  142.000  141.000  140.000  141.000  141.000  140.000  141.000  140.000  141.000  141.000  141.000  141.000  140.000  141.000  141.000  141.000  141.000  142.000  141.000  135.000  130.000  131.000  135.000  153.000  156.000  153.000  157.000  152.000  145.000  145.000  145.000  144.000  145.000  145.000  145.000  143.000  142.000  142.000  142.000  141.000  140.000  140.000  140.000  141.000  140.000  139.000  138.000  138.000  136.000  135.000  134.000  134.000  134.000  134.000  134.000  135.000  136.000  135.000  134.000  133.000  132.000  133.000  134.000
 140.000  141.000  140.000  140.000  141.000  140.000  139.000  140.000  140.000  138.000  139.000  139.000  139.000  139.000  140.000  139.000  140.000  140.000  141.000  141.000  133.000  128.000  129.000  135.000  154.000  149.000  144.000  148.000  145.000  146.000  146.000  146.000  146.000  146.000  144.000  143.000  142.000  141.000  140.000  140.000  138.000  137.000  137.000  137.000  137.000  137.000  137.000  135.000  135.000  134.000  135.000  135.000  135.000  135.000  135.000  136.000  136.000  135.000  135.000  135.000  134.000  133.000  132.000  132.000
 139.000  139.000  139.000  140.000  140.000  139.000  139.000  139.000  139.000  139.000  139.000  138.000  139.000  139.000  139.000  139.000  139.000  141.000  141.000  141.000  136.000  131.000  131.000  138.000  152.000  152.000  155.000  156.000  146.000  142.000  142.000  141.000  141.000  141.000  141.000  141.000  141.000  139.000  137.000  137.000  137.000  136.000  136.000  135.000  135.000  135.000  136.000  136.000  135.000  135.000  134.000  133.000  134.000  134.000  135.000  135.000  135.000  134.000  133.000  132.000  132.000  131.000  131.000  132.000
 138.000  139.000  138.000  139.000  139.000  138.000  138.000  137.000  138.000  138.000  138.000  138.000  139.000  139.000  140.000  141.000  142.000  143.000  143.000  142.000  141.000  135.000  131.000  129.000  146.000  146.000  147.000  147.000  139.000  135.000  137.000  137.000  138.000  139.000  139.000  139.000  138.000  137.000  135.000  135.000  135.000  135.000  134.000  133.000  134.000  135.000  136.000  136.000  136.000  135.000  134.000  133.000  133.000  133.000  133.000  132.000  132.000  132.000  132.000  132.000  133.000  132.000  132.000  132.000
 138.000  137.000  138.000  137.000  137.000  137.000  137.000  138.000  139.000  141.000  142.000  141.000  142.000  140.000  140.000  138.000  139.000  141.000  140.000  140.000  142.000  140.000  134.000  119.000  122.000  135.000  133.000  133.000  134.000  133.000  133.000  133.000  135.000  136.000  134.000  135.000  136.000  135.000  134.000  133.000  133.000  133.000  132.000  133.000  133.000  134.000  135.000  135.000  136.000  134.000  133.000  133.000  133.000  132.000  132.000  132.000  132.000  132.000  133.000  132.000  132.000  132.000  132.000  132.000
 138.000  138.000  139.000  138.000  139.000  139.000  140.000  141.000  141.000  141.000  140.000  140.000  141.000  140.000  140.000  139.000  139.000  139.000  136.000  134.000  136.000  138.000  136.000  127.000  121.000  100.000  52.000  80.000  127.000  130.000  129.000  129.000  129.000  131.000  132.000  134.000  135.000  135.000  134.000  134.000  133.000  133.000  133.000  133.000  133.000  133.000  132.000  132.000  132.000  132.000  132.000  133.000  132.000  132.000  132.000  132.000  132.000  133.000  132.000  132.000  132.000  131.000  130.000  130.000
 139.000  139.000  140.000  139.000  139.000  140.000  139.000  139.000  140.000  140.000  139.000  139.000  138.000  138.000  138.000  137.000  136.000  136.000  134.000  132.000  133.000  136.000  135.000  128.000  124.000  83.000  13.000  17.000  66.000  113.000  126.000  127.000  127.000  128.000  132.000  133.000  135.000  135.000  135.000  134.000  134.000  134.000  133.000  133.000  132.000  132.000  132.000  132.000  134.000  135.000  135.000  135.000  134.000  133.000  133.000  134.000  134.000  133.000  133.000  132.000  131.000  131.000  129.000  129.000
 139.000  139.000  139.000  139.000  138.000  139.000  139.000  140.000  138.000  137.000  137.000  136.000  135.000  136.000  137.000  138.000  137.000  136.000  132.000  127.000  125.000  128.000  126.000  122.000  120.000  100.000  22.000  9.000  11.000  32.000  70.000  108.000  126.000  127.000  130.000  132.000  133.000  134.000  133.000  132.000  131.000  132.000  133.000  133.000  133.000  135.000  135.000  136.000  135.000  135.000  135.000  135.000  135.000  134.000  133.000  132.000  133.000  132.000  132.000  132.000  131.000  130.000  130.000  130.000
 139.000  138.000  137.000  137.000  136.000  138.000  138.000  138.000  138.000  138.000  137.000  137.000  136.000  136.000  137.000  136.000  136.000  136.000  130.000  121.000  118.000  121.000  119.000  115.000  117.000  113.000  38.000  8.000  9.000  9.000  10.000  36.000  110.000  126.000  127.000  129.000  130.000  132.000  132.000  132.000  133.000  133.000  134.000  134.000  134.000  134.000  133.000  133.000  134.000  134.000  134.000  133.000  132.000  132.000  133.000  132.000  132.000  132.000  132.000  132.000  132.000  132.000  130.000  129.000
 138.000  137.000  138.000  137.000  137.000  137.000  136.000  137.000  136.000  136.000  137.000  136.000  135.000  135.000  135.000  135.000  135.000  134.000  128.000  116.000  114.000  115.000  113.000  106.000  110.000  108.000  45.000  10.000  8.000  9.000  10.000  10.000  58.000  122.000  128.000  129.000  130.000  131.000  131.000  132.000  133.000  134.000  135.000  134.000  134.000  133.000  131.000  131.000  131.000  131.000  132.000  132.000  132.000  132.000  133.000  133.000  134.000  133.000  131.000  132.000  132.000  131.000  129.000  128.000
 137.000  136.000  136.000  136.000  136.000  136.000  136.000  136.000  136.000  136.000  135.000  134.000  135.000  136.000  135.000  136.000  136.000  135.000  129.000  116.000  113.000  112.000  110.000  101.000  103.000  98.000  40.000  13.000  10.000  10.000  9.000  16.000  31.000  89.000  129.000  130.000  130.000  129.000  129.000  129.000  131.000  131.000  131.000  131.000  131.000  130.000  130.000  131.000  131.000  131.000  131.000  132.000  132.000  133.000  133.000  133.000  133.000  131.000  130.000  130.000  130.000  130.000  130.000  128.000
 136.000  137.000  138.000  138.000  137.000  136.000  135.000  135.000  135.000  136.000  135.000  136.000  136.000  136.000  136.000  136.000  136.000  136.000  130.000  116.000  111.000  110.000  109.000  102.000  99.000  96.000  42.000  14.000  9.000  5.000  6.000  12.000  14.000  30.000  108.000  127.000  127.000  128.000  128.000  129.000  130.000  129.000  130.000  131.000  132.000  131.000  131.000  131.000  132.000  131.000  133.000  133.000  132.000  132.000  132.000  132.000  131.000  132.000  131.000  130.000  131.000  129.000  126.000  124.000
 136.000  137.000  137.000  136.000  135.000  135.000  135.000  136.000  135.000  135.000  135.000  135.000  135.000  135.000  134.000  135.000  135.000  134.000  130.000  114.000  109.000  108.000  108.000  105.000  98.000  97.000  64.000  19.000  11.000  7.000  13.000  14.000  12.000  11.000  72.000  127.000  129.000  131.000  130.000  128.000  129.000  129.000  129.000  129.000  130.000  129.000  130.000  129.000  129.000  130.000  129.000  129.000  131.000  133.000  133.000  132.000  131.000  131.000  130.000  128.000  126.000  124.000  126.000  129.000
 134.000  135.000  135.000  135.000  135.000  135.000  135.000  135.000  135.000  135.000  135.000  134.000  134.000  135.000  135.000  134.000  134.000  134.000  131.000  117.000  109.000  108.000  107.000  105.000  99.000  96.000  84.000  37.000  22.000  16.000  14.000  12.000  8.000  6.000  52.000  120.000  105.000  114.000  127.000  127.000  127.000  126.000  126.000  127.000  128.000  125.000  125.000  126.000  127.000  128.000  128.000  130.000  132.000  133.000  133.000  132.000  130.000  128.000  127.000  127.000  123.000  126.000  130.000  130.000
 134.000  134.000  134.000  135.000  135.000  135.000  134.000  134.000  135.000  134.000  132.000  132.000  132.000  133.000  134.000  134.000  133.000  133.000  131.000  122.000  110.000  106.000  104.000  102.000  99.000  95.000  83.000  55.000  14.000  12.000  9.000  7.000  5.000  6.000  20.000  44.000  30.000  54.000  117.000  126.000  126.000  126.000  125.000  126.000  126.000  124.000  126.000  127.000  127.000  128.000  128.000  128.000  129.000  131.000  131.000  130.000  128.000  127.000  127.000  128.000  128.000  127.000  127.000  126.000
 134.000  134.000  134.000  136.000  135.000  134.000  133.000  132.000  133.000  134.000  132.000  131.000  131.000  132.000  132.000  132.000  131.000  131.000  130.000  125.000  113.000  105.000  102.000  101.000  95.000  81.000  63.000  47.000  17.000  8.000  6.000  6.000  10.000  14.000  17.000  19.000  22.000  24.000  68.000  120.000  124.000  124.000  124.000  125.000  126.000  126.000  127.000  126.000  126.000  125.000  124.000  125.000  128.000  131.000  131.000  130.000  130.000  130.000  129.000  128.000  127.000  127.000  127.000  127.000
 135.000  134.000  133.000  133.000  133.000  132.000  131.000  132.000  133.000  132.000  131.000  130.000  130.000  131.000  131.000  131.000  130.000  129.000  129.000  128.000  117.000  107.000  95.000  69.000  41.000  39.000  41.000  32.000  26.000  14.000  7.000  8.000  14.000  17.000  19.000  43.000  85.000  35.000  28.000  69.000  117.000  124.000  124.000  126.000  125.000  123.000  122.000  122.000  123.000  124.000  124.000  122.000  125.000  129.000  130.000  129.000  127.000  126.000  127.000  128.000  129.000  128.000  127.000  127.000
 132.000  133.000  132.000  132.000  131.000  132.000  132.000  132.000  132.000  132.000  130.000  127.000  128.000  130.000  130.000  130.000  129.000  128.000  127.000  126.000  119.000  105.000  71.000  48.000  74.000  91.000  89.000  70.000  58.000  29.000  25.000  7.000  9.000  11.000  16.000  42.000  90.000  35.000  14.000  30.000  111.000  123.000  124.000  122.000  120.000  120.000  123.000  123.000  124.000  123.000  123.000  123.000  123.000  125.000  128.000  130.000  129.000  128.000  128.000  128.000  128.000  128.000  127.000  126.000
 132.000  132.000  132.000  132.000  131.000  131.000  131.000  131.000  131.000  131.000  129.000  127.000  127.000  127.000  128.000  129.000  128.000  127.000  126.000  124.000  120.000  101.000  53.000  70.000  86.000  92.000  86.000  65.000  40.000  56.000  78.000  23.000  14.000  13.000  15.000  11.000  15.000  14.000  7.000  32.000  110.000  123.000  123.000  120.000  119.000  121.000  123.000  123.000  122.000  122.000  123.000  122.000  122.000  124.000  127.000  130.000  129.000  128.000  128.000  127.000  127.000  128.000  126.000  124.000
 132.000  132.000  132.000  130.000  128.000  129.000  131.000  131.000  131.000  132.000  130.000  128.000  125.000  125.000  127.000  128.000  128.000  127.000  125.000  122.000  117.000  95.000  40.000  71.000  80.000  87.000  83.000  50.000  44.000  73.000  92.000  86.000  41.000  15.000  9.000  5.000  7.000  6.000  6.000  13.000  74.000  117.000  118.000  121.000  122.000  121.000  121.000  120.000  119.000  120.000  121.000  121.000  120.000  121.000  124.000  128.000  129.000  129.000  129.000  127.000  127.000  127.000  125.000  123.000
