 141.000  140.000  141.000  141.000  140.000  140.000  141.000  141.000  142.000  144.000  142.000  143.000  144.000  142.000  141.000  152.000  170.000  176.000  179.000  181.000  184.000  187.000  189.000  191.000  193.000  195.000  195.000  196.000  195.000  194.000  192.000  190.000  188.000  185.000  182.000  179.000  175.000  172.000  168.000  163.000  150.000  141.000  142.000  142.000  142.000  142.000  141.000  142.000  141.000  141.000  141.000  140.000  140.000  140.000  139.000  138.000  138.000  137.000  135.000  132.000  131.000  130.000  129.000  129.000
 139.000  139.000  139.000  139.000  139.000  139.000  139.000  139.000  140.000  141.000  141.000  142.000  141.000  141.000  142.000  147.000  165.000  172.000  175.000  178.000  180.000  183.000  184.000  186.000  188.000  188.000  187.000  186.000  186.000  184.000  181.000  177.000  173.000  168.000  164.000  160.000  157.000  153.000  148.000  145.000  140.000  141.000  141.000  140.000  141.000  141.000  142.000  141.000  142.000  141.000  140.000  140.000  141.000  140.000  140.000  138.000  138.000  137.000  135.000  133.000  131.000  130.000  130.000  128.000
 140.000  140.000  139.000  139.000  140.000  140.000  140.000  141.000  140.000  142.000  143.000  143.000  143.000  143.000  142.000  144.000  152.000  152.000  154.000  156.000  157.000  157.000  159.000  159.000  159.000  158.000  156.000  154.000  153.000  152.000  150.000  149.000  148.000  146.000  145.000  143.000  143.000  143.000  143.000  143.000  142.000  141.000  142.000  141.000  141.000  142.000  142.000  141.000  141.000  141.000  140.000  140.000  140.000  140.000  139.000  138.000  138.000  138.000  136.000  134.000  131.000  125.000  121.000  117.000
 140.000  140.000  140.000  140.000  141.000  142.000  143.000  143.000  142.000  143.000  143.000  143.000  144.000  144.000  144.000  144.000  145.000  145.000  146.000  147.000  147.000  146.000  147.000  148.000  148.000  149.000  148.000  148.000  147.000  147.000  146.000  146.000  146.000  145.000  144.000  143.000  143.000  143.000  142.000  143.000  143.000  143.000  143.000  142.000  141.000  142.000  142.000  142.000  141.000  140.000  140.000  140.000  139.000  139.000  138.000  137.000  137.000  135.000  134.000  132.000  131.000  123.000  112.000  113.000
 141.000  141.000  141.000  141.000  141.000  141.000  142.000  142.000  141.000  143.000  144.000  145.000  145.000  145.000  144.000  144.000  145.000  146.000  147.000  149.000  149.000  150.000  150.000  151.000  151.000  151.000  151.000  150.000  149.000  147.000  146.000  146.000  145.000  143.000  143.000  142.000  142.000  142.000  142.000  142.000  142.000  142.000  142.000  141.000  141.000  140.000  140.000  140.000  140.000  140.000  141.000  140.000  139.000  139.000  138.000  137.000  137.000  135.000  134.000  133.000  134.000  133.000  118.000  66.000
 142.000  142.000  142.000  142.000  142.000  142.000  143.000  143.000  143.000  144.000  145.000  145.000  144.000  146.000  145.000  145.000  145.000  145.000  146.000  147.000  148.000  148.000  149.000  150.000  151.000  150.000  150.000  150.000  149.000  149.000  147.000  145.000  145.000  145.000  144.000  143.000  142.000  143.000  143.000  142.000  142.000  142.000  142.000  141.000  141.000  140.000  141.000  140.000  140.000  140.000  140.000  141.000  141.000  140.000  139.000  138.000  137.000  136.000  136.000  136.000  136.000  137.000  132.000  94.000
 142.000  142.000  142.000  142.000  142.000  142.000  143.000  143.000  144.000  144.000  144.000  144.000  144.000  144.000  145.000  145.000  145.000  146.000  146.000  148.000  149.000  151.000  151.000  152.000  153.000  153.000  152.000  151.000  151.000  150.000  148.000  147.000  147.000  146.000  145.000  144.000  144.000  144.000  143.000  143.000  143.000  143.000  144.000  142.000  141.000  141.000  141.000  140.000  140.000  141.000  141.000  141.000  140.000  139.000  139.000  138.000  138.000  137.000  138.000  137.000  138.000  139.000  138.000  131.000
 141.000  141.000  141.000  141.000  141.000  140.000  141.000  143.000  144.000  144.000  144.000  145.000  145.000  146.000  146.000  146.000  147.000  147.000  148.000  149.000  150.000  152.000  152.000  154.000  155.000  156.000  156.000  154.000  153.000  151.000  150.000  148.000  148.000  147.000  147.000  145.000  145.000  144.000  143.000  142.000  144.000  143.000  143.000  143.000  143.000  142.000  142.000  141.000  142.000  142.000  142.000  141.000  141.000  141.000  141.000  140.000  139.000  138.000  137.000  137.000  137.000  139.000  139.000  138.000
 143.000  142.000  141.000  140.000  141.000  142.000  143.000  143.000  144.000  144.000  144.000  145.000  146.000  147.000  146.000  146.000  148.000  149.000  150.000  152.000  152.000  154.000  155.000  156.000  157.000  157.000  156.000  154.000  153.000  151.000  150.000  148.000  148.000  147.000  147.000  145.000  145.000  144.000  143.000  144.000  145.000  145.000  144.000  144.000  144.000  144.000  144.000  143.000  142.000  143.000  144.000  143.000  143.000  143.000  141.000  140.000  138.000  137.000  137.000  136.000  137.000  138.000  138.000  138.000
 143.000  143.000  143.000  143.000  144.000  145.000  144.000  144.000  144.000  145.000  145.000  145.000  146.000  147.000  147.000  147.000  148.000  149.000  150.000  151.000  153.000  155.000  156.000  156.000  157.000  157.000  156.000  156.000  155.000  153.000  151.000  150.000  149.000  148.000  147.000  147.000  146.000  146.000  146.000  146.000  146.000  146.000  146.000  145.000  144.000  144.000  144.000  145.000  144.000  143.000  143.000  144.000  143.000  142.000  141.000  140.000  139.000  138.000  138.000  138.000  138.000  138.000  138.000  139.000
 145.000  144.000  143.000  142.000  141.000  141.000  142.000  142.000  144.000  145.000  146.000  145.000  146.000  146.000  146.000  146.000  147.000  149.000  150.000  151.000  153.000  154.000  156.000  156.000  157.000  158.000  156.000  156.000  155.000  153.000  152.000  151.000  149.000  148.000  148.000  147.000  146.000  146.000  146.000  145.000  145.000  145.000  145.000  144.000  143.000  143.000  145.000  145.000  144.000  144.000  144.000  144.000  143.000  142.000  141.000  139.000  139.000  138.000  138.000  138.000  138.000  138.000  138.000  138.000
 143.000  144.000  143.000  144.000  144.000  143.000  143.000  143.000  143.000  144.000  145.000  146.000  147.000  147.000  147.000  148.000  148.000  150.000  152.000  153.000  154.000  155.000  156.000  157.000  159.000  159.000  158.000  156.000  156.000  155.000  154.000  153.000  151.000  150.000  150.000  149.000  148.000  147.000  147.000  146.000  146.000  145.000  145.000  145.000  145.000  145.000  145.000  145.000  144.000  144.000  144.000  143.000  143.000  143.000  142.000  140.000  139.000  138.000  138.000  138.000  138.000  138.000  137.000  137.000
 143.000  144.000  144.000  143.000  143.000  144.000  144.000  145.000  145.000  146.000  147.000  148.000  148.000  148.000  148.000  149.000  149.000  150.000  153.000  153.000  154.000  156.000  157.000  158.000  159.000  159.000  160.000  159.000  158.000  156.000  154.000  153.000  152.000  150.000  149.000  148.000  147.000  146.000  145.000  145.000  145.000  144.000  144.000  145.000  145.000  145.000  144.000  144.000  143.000  143.000  143.000  142.000  142.000  141.000  141.000  140.000  139.000  139.000  138.000  138.000  138.000  138.000  137.000  137.000
 143.000  143.000  143.000  144.000  145.000  145.000  145.000  145.000  145.000  145.000  146.000  147.000  147.000  148.000  147.000  148.000  149.000  150.000  152.000  153.000  154.000  155.000  157.000  157.000  157.000  158.000  159.000  158.000  157.000  156.000  154.000  152.000  151.000  149.000  149.000  149.000  149.000  147.000  146.000  146.000  145.000  144.000  143.000  143.000  143.000  143.000  143.000  144.000  143.000  142.000  141.000  141.000  142.000  142.000  142.000  141.000  141.000  140.000  140.000  139.000  139.000  138.000  137.000  138.000
 143.000  143.000  144.000  145.000  145.000  145.000  145.000  145.000  145.000  145.000  145.000  146.000  146.000  147.000  147.000  148.000  148.000  150.000  152.000  153.000  154.000  156.000  157.000  158.000  159.000  159.000  159.000  159.000  157.000  156.000  155.000  154.000  152.000  150.000  148.000  148.000  147.000  146.000  146.000  144.000  143.000  142.000  142.000  142.000  142.000  143.000  143.000  144.000  143.000  142.000  142.000  142.000  142.000  141.000  142.000  142.000  142.000  140.000  140.000  139.000  138.000  137.000  137.000  137.000
 144.000  144.000  144.000  144.000  144.000  144.000  144.000  144.000  144.000  145.000  146.000  147.000  147.000  147.000  148.000  148.000  149.000  151.000  151.000  153.000  154.000  155.000  157.000  158.000  158.000  160.000  161.000  159.000  157.000  157.000  156.000  154.000  152.000  149.000  148.000  148.000  147.000  147.000  145.000  145.000  144.000  143.000  143.000  142.000  142.000  142.000  143.000  144.000  144.000  143.000  142.000  143.000  143.000  142.000  142.000  142.000  140.000  139.000  138.000  138.000  138.000  138.000  137.000  136.000
 143.000  143.000  143.000  143.000  143.000  144.000  144.000  145.000  145.000  146.000  146.000  146.000  146.000  147.000  147.000  149.000  150.000  151.000  152.000  153.000  155.000  155.000  157.000  158.000  159.000  160.000  160.000  159.000  158.000  156.000  156.000  155.000  154.000  152.000  150.000  149.000  148.000  147.000  146.000  145.000  145.000  144.000  143.000  143.000  143.000  143.000  143.000  142.000  142.000  141.000  141.000  140.000  140.000  139.000  139.000  139.000  139.000  139.000  139.000  138.000  137.000  137.000  136.000  136.000
 142.000  143.000  143.000  143.000  144.000  144.000  144.000  145.000  145.000  146.000  147.000  147.000  148.000  149.000  148.000  149.000  150.000  150.000  151.000  152.000  152.000  154.000  156.000  157.000  157.000  157.000  158.000  159.000  157.000  156.000  155.000  154.000  154.000  153.000  150.000  149.000  148.000  147.000  146.000  146.000  145.000  143.000  142.000  140.000  140.000  139.000  139.000  140.000  140.000  139.000  139.000  138.000  139.000  139.000  138.000  138.000  137.000  138.000  137.000  136.000  135.000  135.000  135.000  134.000
 144.000  144.000  144.000  144.000  144.000  144.000  145.000  146.000  146.000  147.000  147.000  147.000  148.000  148.000  148.000  148.000  149.000  149.000  150.000  151.000  152.000  154.000  155.000  156.000  157.000  158.000  158.000  159.000  159.000  157.000  156.000  155.000  153.000  151.000  149.000  148.000  146.000  144.000  144.000  144.000  143.000  142.000  142.000  141.000  140.000  139.000  139.000  140.000  140.000  139.000  138.000  138.000  137.000  138.000  137.000  137.000  137.000  137.000  136.000  136.000  136.000  136.000  136.000  136.000
 145.000  145.000  145.000  144.000  145.000  144.000  145.000  145.000  146.000  146.000  146.000  147.000  147.000  147.000  147.000  148.000  149.000  149.000  150.000  150.000  152.000  153.000  154.000  155.000  156.000  158.000  157.000  158.000  158.000  156.000  154.000  152.000  151.000  149.000  148.000  147.000  147.000  145.000  144.000  143.000  143.000  142.000  141.000  140.000  139.000  138.000  139.000  139.000  139.000  140.000  139.000  138.000  138.000  138.000  138.000  138.000  137.000  138.000  138.000  137.000  137.000  137.000  136.000  136.000
 143.000  144.000  144.000  145.000  145.000  145.000  144.000  145.000  145.000  145.000  146.000  146.000  147.000  147.000  146.000  146.000  148.000  148.000  148.000  149.000  151.000  152.000  152.000  153.000  153.000  155.000  156.000  156.000  155.000  155.000  153.000  151.000  151.000  149.000  148.000  146.000  145.000  144.000  143.000  142.000  141.000  140.000  140.000  140.000  138.000  138.000  139.000  139.000  139.000  140.000  139.000  139.000  138.000  138.000  138.000  138.000  137.000  137.000  137.000  136.000  136.000  136.000  135.000  134.000
 143.000  144.000  145.000  144.000  144.000  144.000  144.000  145.000  145.000  145.000  145.000  146.000  146.000  146.000  144.000  145.000  146.000  147.000  147.000  147.000  148.000  150.000  150.000  151.000  153.000  154.000  155.000  156.000  155.000  154.000  152.000  151.000  150.000  148.000  146.000  146.000  145.000  143.000  143.000  143.000  142.000  140.000  140.000  139.000  139.000  139.000  138.000  138.000  138.000  139.000  138.000  138.000  137.000  137.000  137.000  137.000  137.000  136.000  136.000  136.000  136.000  136.000  135.000  134.000
 144.000  144.000  144.000  143.000  143.000  143.000  142.000  142.000  143.000  143.000  144.000  144.000  145.000  146.000  145.000  145.000  146.000  147.000  146.000  147.000  147.000  147.000  148.000  150.000  152.000  153.000  154.000  154.000  154.000  152.000  152.000  151.000  149.000  149.000  148.000  146.000  145.000  143.000  142.000  142.000  142.000  141.000  141.000  140.000  139.000  138.000  138.000  137.000  137.000  137.000  137.000  136.000  137.000  137.000  137.000  137.000  137.000  136.000  135.000  135.000  135.000  135.000  136.000  136.000
 141.000  143.000  143.000  143.000  144.000  144.000  143.000  142.000  144.000  143.000  144.000  145.000  146.000  145.000  145.000  145.000  146.000  146.000  147.000  147.000  147.000  148.000  149.000  150.000  151.000  152.000  153.000  154.000  153.000  152.000  152.000  151.000  150.000  149.000  148.000  146.000  144.000  143.000  142.000  142.000  141.000  139.000  139.000  138.000  138.000  138.000  137.000  136.000  137.000  137.000  138.000  137.000  136.000  135.000  135.000  136.000  136.000  136.000  136.000  137.000  138.000  139.000  138.000  137.000
 143.000  143.000  142.000  144.000  143.000  142.000  142.000  143.000  143.000  143.000  144.000  144.000  144.000  144.000  145.000  145.000  146.000  146.000  146.000  146.000  146.000  147.000  148.000  149.000  150.000  151.000  152.000  152.000  151.000  150.000  150.000  150.000  149.000  147.000  146.000  145.000  142.000  141.000  140.000  140.000  140.000  140.000  140.000  139.000  138.000  138.000  137.000  136.000  136.000  137.000  138.000  137.000  138.000  140.000  140.000  141.000  141.000  141.000  141.000  139.000  137.000  137.000  136.000  136.000
 143.000  142.000  141.000  142.000  141.000  141.000  141.000  141.000  142.000  142.000  143.000  143.000  144.000  144.000  144.000  144.000  145.000  146.000  146.000  145.000  144.000  146.000  147.000  148.000  150.000  150.000  161.000  157.000  149.000  148.000  148.000  148.000  147.000  146.000  144.000  142.000  142.000  141.000  140.000  140.000  139.000  138.000  138.000  137.000  137.000  138.000  139.000  140.000  140.000  141.000  143.000  140.000  140.000  141.000  141.000  140.000  138.000  137.000  136.000  136.000  135.000  135.000  135.000  136.000
 142.000  142.000  141.000  142.000  142.000  143.000  142.000  141.000  142.000  143.000  143.000  143.000  143.000  144.000  143.000  143.000  144.000  144.000  145.000  144.000  141.000  142.000  145.000  147.000  149.000  157.000  169.000  168.000  154.000  148.000  146.000  146.000  146.000  145.000  142.000  140.000  140.000  140.000  139.000  139.000  139.000  139.000  139.000  139.000  139.000  141.000  140.000  140.000  140.000  139.000  141.000  140.000  140.000  140.000  139.000  137.000  136.000  136.000  137.000  136.000  135.000  135.000  136.000  136.000
 143.000  142.000  142.000  143.000  142.000  141.000  141.000  141.000  141.000  142.000  142.000  142.000  143.000  143.000  143.000  142.000  142.000  142.000  143.000  142.000  138.000  136.000  138.000  143.000  154.000  166.000  168.000  168.000  163.000  147.000  144.000  144.000  144.000  143.000  141.000  142.000  142.000  141.000  142.000  143.000  143.000  142.000  142.000  141.000  141.000  141.000  138.000  136.000  137.000  136.000  137.000  137.000  138.000  138.000  136.000  136.000  136.000  136.000  134.000  135.000  135.000  134.000  134.000  134.000
 142.000  142.000  141.000  140.000  141.000  142.000  140.000  141.000  141.000  141.000  141.000  141.000  141.000  139.000  141.000  141.000  141.000  141.000  142.000  141.000  134.000  130.000  131.000  135.000  153.000  156.000  154.000  157.000  152.000  145.000  145.000  145.000  145.000  145.000  146.000  145.000  144.000  144.000  143.000  143.000  142.000  141.000  140.000  141.000  141.000  140.000  141.000  140.000  139.000  138.000  136.000  135.000  135.000  135.000  135.000  135.000  136.000  136.000  135.000  135.000  134.000  133.000  134.000  134.000
 140.000  141.000  140.000  139.000  140.000  140.000  139.000  140.000  139.000  139.000  140.000  138.000  139.000  138.000  140.000  139.000  140.000  140.000  141.000  140.000  133.000  128.000  129.000  136.000  154.000  150.000  144.000  148.000  146.000  146.000  147.000  146.000  145.000  146.000  145.000  143.000  143.000  142.000  141.000  141.000  140.000  138.000  137.000  137.000  138.000  137.000  138.000  136.000  136.000  135.000  136.000  136.000  136.000  135.000  136.000  136.000  136.000  136.000  136.000  135.000  134.000  133.000  132.000  131.000
 140.000  140.000  139.000  140.000  140.000  139.000  138.000  138.000  138.000  138.000  139.000  138.000  139.000  139.000  139.000  139.000  139.000  141.000  141.000  141.000  136.000  131.000  132.000  139.000  153.000  152.000  155.000  156.000  146.000  143.000  142.000  140.000  140.000  140.000  140.000  141.000  141.000  140.000  138.000  138.000  138.000  137.000  136.000  136.000  136.000  135.000  137.000  137.000  136.000  136.000  135.000  135.000  135.000  135.000  136.000  136.000  135.000  135.000  134.000  132.000  132.000  132.000  132.000  132.000
 139.000  139.000  138.000  139.000  139.000  138.000  138.000  137.000  136.000  137.000  137.000  138.000  139.000  139.000  140.000  140.000  142.000  143.000  143.000  142.000  140.000  134.000  131.000  130.000  146.000  147.000  147.000  147.000  138.000  136.000  138.000  137.000  137.000  137.000  137.000  137.000  138.000  138.000  137.000  137.000  136.000  135.000  134.000  134.000  134.000  135.000  136.000  137.000  137.000  136.000  135.000  134.000  134.000  134.000  134.000  133.000  132.000  133.000  133.000  133.000  133.000  133.000  132.000  132.000
 138.000  138.000  137.000  138.000  138.000  137.000  137.000  138.000  138.000  140.000  142.000  142.000  142.000  140.000  140.000  138.000  139.000  141.000  141.000  140.000  140.000  137.000  132.000  119.000  122.000  135.000  136.000  126.000  78.000  85.000  126.000  133.000  135.000  135.000  133.000  133.000  135.000  136.000  135.000  135.000  135.000  133.000  133.000  133.000  134.000  134.000  135.000  136.000  136.000  135.000  134.000  134.000  134.000  133.000  133.000  133.000  133.000  133.000  133.000  132.000  132.000  132.000  132.000  131.000
 138.000  139.000  140.000  139.000  139.000  140.000  140.000  141.000  141.000  141.000  140.000  140.000  141.000  141.000  140.000  139.000  139.000  139.000  139.000  136.000  134.000  132.000  131.000  126.000  121.000  118.000  116.000  95.000  31.000  27.000  64.000  121.000  129.000  131.000  132.000  132.000  133.000  135.000  135.000  135.000  135.000  133.000  133.000  133.000  133.000  134.000  133.000  133.000  132.000  133.000  133.000  133.000  133.000  133.000  132.000  132.000  133.000  133.000  133.000  133.000  132.000  131.000  130.000  130.000
 139.000  139.000  140.000  139.000  140.000  140.000  139.000  139.000  140.000  140.000  139.000  139.000  139.000  138.000  138.000  137.000  136.000  137.000  138.000  137.000  133.000  129.000  126.000  123.000  122.000  121.000  116.000  104.000  32.000  22.000  23.000  53.000  105.000  127.000  131.000  132.000  133.000  134.000  135.000  135.000  135.000  134.000  134.000  132.000  132.000  132.000  132.000  132.000  134.000  135.000  135.000  136.000  135.000  133.000  133.000  134.000  134.000  134.000  133.000  132.000  131.000  131.000  129.000  129.000
 140.000  139.000  139.000  138.000  139.000  139.000  139.000  139.000  138.000  138.000  137.000  136.000  136.000  136.000  137.000  138.000  138.000  137.000  138.000  135.000  129.000  121.000  111.000  111.000  115.000  118.000  121.000  121.000  41.000  21.000  19.000  17.000  33.000  84.000  126.000  132.000  131.000  132.000  133.000  133.000  132.000  132.000  133.000  133.000  133.000  135.000  135.000  135.000  135.000  135.000  135.000  135.000  135.000  134.000  134.000  133.000  133.000  132.000  133.000  132.000  131.000  130.000  130.000  130.000
 139.000  138.000  138.000  137.000  136.000  138.000  137.000  137.000  138.000  138.000  137.000  137.000  136.000  136.000  137.000  137.000  137.000  137.000  136.000  132.000  126.000  117.000  104.000  98.000  106.000  113.000  122.000  122.000  41.000  17.000  14.000  15.000  17.000  29.000  105.000  128.000  130.000  130.000  132.000  133.000  133.000  133.000  134.000  134.000  134.000  134.000  134.000  133.000  133.000  134.000  135.000  133.000  132.000  132.000  133.000  133.000  133.000  132.000  132.000  132.000  132.000  131.000  130.000  129.000
 138.000  138.000  138.000  138.000  138.000  137.000  136.000  137.000  136.000  136.000  137.000  136.000  135.000  135.000  135.000  135.000  136.000  135.000  135.000  130.000  123.000  115.000  104.000  91.000  95.000  105.000  113.000  107.000  29.000  16.000  15.000  15.000  15.000  15.000  69.000  126.000  130.000  129.000  130.000  132.000  133.000  134.000  135.000  135.000  133.000  133.000  131.000  132.000  132.000  132.000  132.000  132.000  132.000  132.000  132.000  133.000  133.000  133.000  132.000  132.000  132.000  131.000  129.000  129.000
 137.000  137.000  136.000  136.000  136.000  136.000  136.000  136.000  136.000  136.000  134.000  135.000  135.000  135.000  135.000  136.000  136.000  136.000  136.000  131.000  121.000  113.000  107.000  93.000  90.000  98.000  102.000  86.000  21.000  15.000  11.000  9.000  8.000  7.000  31.000  115.000  128.000  128.000  128.000  130.000  131.000  131.000  131.000  131.000  131.000  130.000  130.000  131.000  131.000  131.000  131.000  132.000  133.000  133.000  133.000  133.000  133.000  132.000  130.000  130.000  131.000  131.000  129.000  128.000
 136.000  137.000  137.000  138.000  137.000  136.000  136.000  136.000  135.000  136.000  135.000  136.000  135.000  136.000  135.000  135.000  136.000  136.000  136.000  133.000  119.000  111.000  109.000  100.000  94.000  96.000  101.000  90.000  24.000  8.000  7.000  10.000  14.000  15.000  19.000  81.000  127.000  128.000  128.000  129.000  129.000  130.000  130.000  131.000  131.000  130.000  130.000  131.000  132.000  132.000  133.000  134.000  133.000  133.000  132.000  132.000  131.000  132.000  131.000  130.000  131.000  130.000  126.000  125.000
 135.000  136.000  137.000  136.000  136.000  136.000  137.000  136.000  136.000  135.000  135.000  135.000  134.000  134.000  134.000  135.000  135.000  134.000  134.000  131.000  118.000  109.000  108.000  105.000  98.000  97.000  98.000  95.000  36.000  9.000  18.000  15.000  17.000  17.000  17.000  56.000  125.000  129.000  129.000  128.000  129.000  129.000  129.000  130.000  130.000  128.000  129.000  129.000  129.000  129.000  130.000  130.000  131.000  133.000  133.000  132.000  131.000  131.000  130.000  128.000  127.000  124.000  126.000  130.000
 134.000  134.000  135.000  135.000  134.000  135.000  135.000  135.000  136.000  136.000  135.000  134.000  134.000  134.000  134.000  134.000  134.000  134.000  133.000  132.000  120.000  110.000  108.000  106.000  101.000  98.000  95.000  81.000  31.000  9.000  13.000  16.000  14.000  11.000  8.000  44.000  110.000  100.000  121.000  127.000  127.000  127.000  128.000  128.000  128.000  125.000  124.000  126.000  127.000  128.000  128.000  131.000  133.000  133.000  134.000  132.000  130.000  128.000  127.000  126.000  124.000  126.000  130.000  130.000
 135.000  134.000  134.000  135.000  135.000  135.000  134.000  134.000  135.000  135.000  133.000  132.000  132.000  133.000  134.000  133.000  133.000  133.000  132.000  132.000  124.000  110.000  105.000  103.000  98.000  90.000  80.000  64.000  31.000  9.000  7.000  7.000  5.000  5.000  8.000  23.000  35.000  30.000  83.000  124.000  126.000  127.000  126.000  127.000  127.000  125.000  125.000  127.000  128.000  129.000  128.000  129.000  130.000  131.000  131.000  130.000  128.000  128.000  127.000  128.000  128.000  127.000  127.000  126.000
 135.000  135.000  135.000  135.000  135.000  135.000  133.000  132.000  134.000  134.000  133.000  131.000  131.000  132.000  132.000  132.000  131.000  131.000  130.000  129.000  125.000  113.000  104.000  90.000  55.000  37.000  36.000  29.000  20.000  10.000  8.000  6.000  9.000  15.000  16.000  18.000  22.000  23.000  35.000  101.000  124.000  123.000  125.000  126.000  127.000  127.000  127.000  127.000  126.000  124.000  124.000  126.000  129.000  131.000  131.000  130.000  130.000  131.000  129.000  128.000  126.000  127.000  127.000  126.000
 135.000  134.000  133.000  133.000  134.000  133.000  132.000  133.000  133.000  133.000  132.000  130.000  129.000  130.000  131.000  131.000  131.000  130.000  128.000  128.000  125.000  116.000  95.000  58.000  57.000  74.000  81.000  70.000  54.000  22.000  7.000  6.000  9.000  13.000  17.000  25.000  81.000  66.000  23.000  47.000  101.000  123.000  124.000  126.000  126.000  124.000  124.000  123.000  123.000  124.000  123.000  123.000  127.000  130.000  131.000  129.000  127.000  126.000  127.000  128.000  129.000  128.000  127.000  126.000
 132.000  132.000  132.000  132.000  132.000  132.000  132.000  132.000  132.000  132.000  131.000  128.000  126.000  129.000  130.000  130.000  130.000  128.000  126.000  124.000  122.000  115.000  75.000  63.000  89.000  83.000  81.000  67.000  40.000  45.000  20.000  5.000  9.000  10.000  12.000  18.000  68.000  59.000  15.000  16.000  74.000  120.000  122.000  122.000  120.000  122.000  123.000  124.000  125.000  123.000  122.000  123.000  125.000  125.000  128.000  130.000  129.000  129.000  129.000  128.000  128.000  128.000  127.000  127.000
 132.000  132.000  132.000  132.000  132.000  131.000  131.000  131.000  130.000  131.000  130.000  129.000  126.000  126.000  127.000  128.000  128.000  127.000  124.000  122.000  120.000  113.000  59.000  63.000  89.000  79.000  72.000  42.000  45.000  71.000  52.000  26.000  30.000  16.000  16.000  10.000  11.000  14.000  9.000  14.000  81.000  118.000  120.000  120.000  118.000  121.000  123.000  123.000  123.000  123.000  123.000  123.000  123.000  125.000  128.000  131.000  130.000  128.000  129.000  127.000  127.000  127.000  126.000  125.000
 133.000  133.000  133.000  131.000  129.000  129.000  131.000  132.000  131.000  132.000  131.000  129.000  126.000  124.000  126.000  127.000  128.000  126.000  122.000  119.000  116.000  110.000  61.000  58.000  87.000  77.000  55.000  31.000  59.000  74.000  81.000  98.000  82.000  16.000  7.000  4.000  6.000  6.000  7.000  8.000  51.000  110.000  114.000  120.000  121.000  121.000  122.000  121.000  121.000  121.000  122.000  122.000  121.000  123.000  125.000  128.000  129.000  129.000  129.000  127.000  127.000  127.000  125.000  124.000
