 140.000  140.000  141.000  141.000  140.000  140.000  140.000  141.000  142.000  143.000  142.000  143.000  144.000  142.000  141.000  152.000  171.000  175.000  178.000  182.000  184.000  186.000  189.000  191.000  193.000  195.000  196.000  195.000  195.000  194.000  191.000  189.000  188.000  185.000  180.000  178.000  175.000  172.000  168.000  163.000  150.000  141.000  142.000  142.000  141.000  142.000  141.000  141.000  141.000  141.000  141.000  141.000  141.000  140.000  140.000  139.000  137.000  136.000  135.000  133.000  131.000  130.000  129.000  129.000
 138.000  139.000  139.000  140.000  140.000  140.000  139.000  139.000  140.000  141.000  141.000  142.000  141.000  141.000  142.000  147.000  166.000  172.000  175.000  178.000  181.000  183.000  184.000  186.000  188.000  188.000  187.000  186.000  186.000  184.000  181.000  177.000  173.000  167.000  164.000  160.000  157.000  154.000  149.000  145.000  140.000  141.000  141.000  140.000  141.000  141.000  141.000  141.000  142.000  141.000  140.000  140.000  140.000  140.000  139.000  138.000  137.000  136.000  135.000  133.000  131.000  130.000  130.000  128.000
 140.000  140.000  140.000  139.000  140.000  140.000  140.000  140.000  141.000  142.000  143.000  143.000  143.000  143.000  143.000  144.000  152.000  152.000  154.000  156.000  157.000  158.000  158.000  158.000  158.000  158.000  156.000  153.000  153.000  151.000  150.000  148.000  147.000  146.000  144.000  143.000  143.000  143.000  142.000  143.000  141.000  141.000  141.000  141.000  141.000  141.000  141.000  142.000  141.000  140.000  140.000  140.000  140.000  140.000  139.000  138.000  138.000  138.000  136.000  134.000  131.000  125.000  121.000  116.000
 141.000  141.000  140.000  140.000  140.000  141.000  142.000  143.000  143.000  143.000  143.000  143.000  144.000  144.000  144.000  144.000  145.000  146.000  146.000  146.000  146.000  146.000  148.000  149.000  149.000  148.000  148.000  147.000  147.000  147.000  145.000  145.000  145.000  145.000  143.000  143.000  143.000  142.000  142.000  143.000  143.000  143.000  142.000  141.000  141.000  142.000  142.000  142.000  141.000  140.000  140.000  140.000  140.000  139.000  138.000  137.000  136.000  135.000  134.000  133.000  131.000  123.000  112.000  113.000
 141.000  140.000  140.000  140.000  141.000  141.000  142.000  142.000  142.000  143.000  144.000  145.000  144.000  144.000  145.000  144.000  145.000  146.000  147.000  148.000  149.000  149.000  150.000  150.000  151.000  151.000  150.000  149.000  149.000  148.000  146.000  145.000  145.000  143.000  142.000  142.000  142.000  142.000  142.000  142.000  141.000  141.000  142.000  141.000  141.000  140.000  141.000  141.000  140.000  140.000  140.000  141.000  140.000  139.000  139.000  137.000  137.000  136.000  134.000  134.000  134.000  133.000  118.000  65.000
 142.000  142.000  142.000  142.000  142.000  143.000  143.000  143.000  144.000  144.000  145.000  144.000  144.000  145.000  145.000  145.000  145.000  145.000  146.000  147.000  148.000  148.000  149.000  150.000  151.000  150.000  150.000  149.000  149.000  148.000  146.000  145.000  145.000  144.000  143.000  142.000  142.000  142.000  142.000  142.000  141.000  142.000  142.000  141.000  141.000  140.000  140.000  140.000  141.000  141.000  142.000  142.000  140.000  139.000  139.000  138.000  138.000  137.000  136.000  136.000  136.000  137.000  132.000  95.000
 142.000  142.000  142.000  141.000  141.000  142.000  143.000  143.000  144.000  144.000  144.000  144.000  144.000  144.000  145.000  145.000  145.000  146.000  147.000  148.000  149.000  150.000  151.000  152.000  152.000  153.000  152.000  151.000  151.000  150.000  147.000  147.000  147.000  145.000  144.000  143.000  143.000  143.000  143.000  143.000  143.000  143.000  144.000  143.000  142.000  141.000  141.000  141.000  141.000  142.000  142.000  141.000  140.000  138.000  138.000  138.000  138.000  138.000  138.000  137.000  138.000  140.000  138.000  131.000
 142.000  141.000  141.000  140.000  141.000  141.000  142.000  143.000  144.000  144.000  144.000  144.000  145.000  146.000  146.000  145.000  146.000  147.000  148.000  149.000  150.000  152.000  152.000  153.000  155.000  156.000  155.000  154.000  153.000  151.000  149.000  148.000  148.000  147.000  147.000  145.000  144.000  143.000  143.000  143.000  143.000  143.000  143.000  144.000  143.000  143.000  142.000  142.000  142.000  142.000  142.000  142.000  142.000  141.000  141.000  140.000  139.000  139.000  137.000  137.000  138.000  139.000  139.000  138.000
 143.000  142.000  141.000  141.000  142.000  142.000  142.000  143.000  144.000  144.000  144.000  145.000  146.000  147.000  146.000  147.000  147.000  149.000  150.000  151.000  152.000  154.000  154.000  156.000  157.000  157.000  156.000  154.000  153.000  151.000  149.000  147.000  147.000  147.000  147.000  146.000  145.000  143.000  144.000  144.000  145.000  144.000  144.000  144.000  144.000  144.000  144.000  144.000  143.000  143.000  144.000  144.000  144.000  142.000  141.000  140.000  138.000  137.000  137.000  137.000  137.000  138.000  139.000  138.000
 142.000  143.000  143.000  143.000  144.000  145.000  144.000  144.000  144.000  145.000  145.000  146.000  146.000  147.000  147.000  147.000  147.000  149.000  150.000  151.000  152.000  154.000  156.000  156.000  157.000  157.000  156.000  156.000  154.000  152.000  151.000  149.000  148.000  147.000  147.000  147.000  146.000  146.000  145.000  145.000  145.000  146.000  145.000  145.000  145.000  144.000  144.000  145.000  144.000  143.000  143.000  144.000  143.000  142.000  141.000  140.000  139.000  139.000  138.000  138.000  138.000  138.000  138.000  139.000
 143.000  144.000  143.000  142.000  142.000  141.000  143.000  143.000  144.000  145.000  145.000  145.000  146.000  145.000  146.000  147.000  147.000  149.000  150.000  151.000  153.000  154.000  156.000  156.000  157.000  158.000  156.000  155.000  154.000  153.000  152.000  150.000  148.000  147.000  148.000  147.000  146.000  146.000  145.000  145.000  145.000  145.000  145.000  144.000  144.000  145.000  145.000  145.000  145.000  144.000  144.000  143.000  143.000  142.000  141.000  139.000  139.000  139.000  138.000  138.000  138.000  138.000  138.000  138.000
 142.000  143.000  143.000  144.000  143.000  143.000  143.000  143.000  143.000  144.000  145.000  146.000  147.000  148.000  148.000  148.000  149.000  149.000  151.000  153.000  154.000  155.000  156.000  157.000  158.000  159.000  158.000  156.000  155.000  154.000  153.000  152.000  149.000  149.000  149.000  148.000  147.000  147.000  146.000  146.000  145.000  145.000  145.000  145.000  146.000  145.000  144.000  144.000  144.000  144.000  144.000  143.000  143.000  143.000  141.000  140.000  139.000  139.000  138.000  138.000  138.000  138.000  138.000  138.000
 143.000  144.000  143.000  143.000  144.000  144.000  144.000  144.000  145.000  146.000  147.000  148.000  148.000  149.000  149.000  149.000  149.000  150.000  152.000  153.000  154.000  155.000  157.000  157.000  158.000  159.000  160.000  159.000  157.000  155.000  153.000  153.000  152.000  150.000  148.000  148.000  147.000  145.000  145.000  144.000  144.000  144.000  144.000  145.000  145.000  144.000  144.000  144.000  143.000  143.000  143.000  142.000  141.000  141.000  141.000  140.000  139.000  139.000  138.000  138.000  138.000  138.000  137.000  137.000
 143.000  143.000  143.000  145.000  145.000  145.000  145.000  145.000  145.000  145.000  146.000  147.000  147.000  147.000  147.000  148.000  149.000  150.000  152.000  153.000  154.000  155.000  156.000  156.000  157.000  158.000  158.000  158.000  157.000  155.000  153.000  152.000  151.000  149.000  148.000  149.000  148.000  147.000  146.000  145.000  144.000  142.000  142.000  143.000  142.000  142.000  142.000  143.000  143.000  143.000  142.000  141.000  142.000  142.000  142.000  141.000  141.000  140.000  139.000  139.000  139.000  138.000  137.000  138.000
 143.000  143.000  144.000  145.000  145.000  145.000  145.000  145.000  145.000  145.000  145.000  146.000  146.000  147.000  147.000  148.000  148.000  149.000  152.000  153.000  154.000  155.000  157.000  157.000  158.000  159.000  158.000  158.000  157.000  156.000  154.000  154.000  153.000  150.000  148.000  148.000  147.000  145.000  145.000  143.000  142.000  142.000  142.000  143.000  143.000  143.000  142.000  142.000  144.000  142.000  142.000  142.000  142.000  141.000  141.000  142.000  142.000  141.000  140.000  139.000  138.000  138.000  137.000  137.000
 144.000  144.000  144.000  144.000  144.000  144.000  144.000  144.000  144.000  145.000  146.000  147.000  147.000  147.000  147.000  148.000  148.000  150.000  152.000  152.000  154.000  155.000  156.000  158.000  158.000  159.000  159.000  159.000  158.000  156.000  155.000  154.000  151.000  149.000  147.000  147.000  147.000  146.000  145.000  145.000  144.000  143.000  142.000  142.000  142.000  142.000  142.000  143.000  144.000  143.000  143.000  143.000  143.000  142.000  142.000  142.000  140.000  139.000  139.000  138.000  138.000  138.000  137.000  136.000
 143.000  143.000  143.000  143.000  143.000  144.000  143.000  144.000  145.000  145.000  146.000  146.000  146.000  147.000  146.000  148.000  149.000  150.000  152.000  153.000  155.000  156.000  156.000  157.000  159.000  160.000  160.000  159.000  158.000  156.000  155.000  154.000  152.000  151.000  149.000  149.000  147.000  146.000  146.000  145.000  145.000  143.000  143.000  143.000  142.000  143.000  143.000  142.000  142.000  141.000  141.000  140.000  140.000  140.000  138.000  139.000  139.000  139.000  139.000  138.000  137.000  137.000  137.000  136.000
 142.000  143.000  143.000  143.000  144.000  144.000  144.000  145.000  145.000  146.000  147.000  147.000  148.000  148.000  148.000  149.000  150.000  150.000  151.000  152.000  153.000  154.000  155.000  156.000  157.000  158.000  158.000  158.000  157.000  155.000  155.000  154.000  153.000  152.000  150.000  149.000  148.000  146.000  146.000  145.000  144.000  142.000  142.000  140.000  139.000  139.000  139.000  139.000  140.000  139.000  139.000  138.000  139.000  139.000  138.000  137.000  137.000  138.000  137.000  136.000  136.000  135.000  135.000  135.000
 144.000  144.000  144.000  145.000  144.000  145.000  145.000  145.000  146.000  147.000  148.000  148.000  149.000  149.000  148.000  148.000  149.000  149.000  150.000  151.000  153.000  154.000  155.000  156.000  157.000  158.000  159.000  158.000  158.000  157.000  156.000  154.000  153.000  151.000  149.000  148.000  146.000  144.000  144.000  144.000  143.000  142.000  141.000  141.000  140.000  139.000  139.000  139.000  140.000  139.000  138.000  137.000  137.000  137.000  137.000  137.000  136.000  137.000  136.000  136.000  136.000  136.000  136.000  136.000
 145.000  145.000  145.000  145.000  145.000  144.000  145.000  145.000  146.000  146.000  146.000  146.000  147.000  147.000  147.000  148.000  149.000  149.000  150.000  151.000  152.000  153.000  155.000  155.000  156.000  157.000  157.000  156.000  157.000  155.000  153.000  152.000  150.000  149.000  148.000  147.000  146.000  144.000  143.000  142.000  142.000  141.000  141.000  140.000  139.000  138.000  139.000  139.000  139.000  139.000  138.000  138.000  137.000  137.000  138.000  138.000  138.000  138.000  138.000  138.000  137.000  137.000  136.000  136.000
 144.000  144.000  144.000  145.000  145.000  144.000  144.000  145.000  145.000  145.000  146.000  146.000  147.000  147.000  146.000  147.000  148.000  148.000  148.000  148.000  150.000  151.000  152.000  152.000  153.000  154.000  155.000  155.000  155.000  154.000  153.000  151.000  151.000  149.000  147.000  146.000  145.000  143.000  142.000  141.000  140.000  139.000  139.000  139.000  138.000  138.000  139.000  139.000  139.000  139.000  139.000  139.000  138.000  137.000  138.000  138.000  137.000  137.000  137.000  137.000  136.000  136.000  135.000  134.000
 143.000  144.000  145.000  144.000  144.000  144.000  144.000  145.000  145.000  145.000  146.000  146.000  146.000  146.000  144.000  145.000  146.000  147.000  147.000  147.000  148.000  149.000  150.000  150.000  152.000  153.000  155.000  156.000  154.000  154.000  152.000  150.000  150.000  148.000  146.000  145.000  144.000  143.000  143.000  142.000  141.000  140.000  140.000  139.000  138.000  138.000  137.000  138.000  138.000  138.000  138.000  138.000  137.000  137.000  137.000  137.000  137.000  136.000  136.000  137.000  136.000  136.000  135.000  134.000
 144.000  144.000  144.000  143.000  143.000  143.000  143.000  142.000  143.000  143.000  144.000  145.000  145.000  146.000  145.000  145.000  146.000  147.000  147.000  147.000  147.000  148.000  148.000  150.000  151.000  153.000  154.000  154.000  153.000  152.000  152.000  151.000  148.000  148.000  146.000  144.000  144.000  143.000  142.000  142.000  141.000  141.000  140.000  140.000  138.000  138.000  137.000  136.000  136.000  136.000  136.000  136.000  137.000  137.000  137.000  137.000  137.000  136.000  135.000  135.000  135.000  135.000  136.000  136.000
 141.000  142.000  142.000  143.000  144.000  144.000  143.000  142.000  144.000  143.000  144.000  145.000  145.000  145.000  145.000  145.000  146.000  146.000  146.000  147.000  148.000  148.000  149.000  150.000  151.000  152.000  153.000  153.000  152.000  152.000  152.000  151.000  149.000  148.000  147.000  145.000  143.000  143.000  142.000  142.000  140.000  139.000  138.000  138.000  137.000  137.000  136.000  135.000  136.000  136.000  137.000  137.000  136.000  135.000  136.000  136.000  136.000  136.000  137.000  137.000  138.000  139.000  138.000  137.000
 143.000  143.000  142.000  144.000  143.000  142.000  142.000  143.000  143.000  143.000  144.000  144.000  144.000  144.000  145.000  145.000  146.000  146.000  145.000  146.000  147.000  148.000  149.000  149.000  151.000  152.000  152.000  151.000  151.000  149.000  149.000  149.000  148.000  146.000  145.000  144.000  141.000  141.000  140.000  140.000  139.000  140.000  140.000  138.000  137.000  137.000  136.000  135.000  135.000  137.000  137.000  137.000  137.000  140.000  140.000  141.000  142.000  141.000  141.000  139.000  137.000  137.000  136.000  136.000
 142.000  142.000  141.000  143.000  141.000  141.000  141.000  141.000  142.000  142.000  143.000  143.000  145.000  144.000  144.000  144.000  145.000  146.000  146.000  145.000  144.000  145.000  147.000  147.000  150.000  150.000  160.000  157.000  149.000  149.000  148.000  148.000  147.000  146.000  143.000  142.000  142.000  141.000  140.000  139.000  139.000  138.000  138.000  137.000  137.000  138.000  138.000  139.000  139.000  140.000  142.000  140.000  139.000  140.000  141.000  139.000  138.000  137.000  137.000  136.000  136.000  135.000  135.000  136.000
 141.000  142.000  141.000  141.000  142.000  143.000  142.000  141.000  142.000  142.000  143.000  143.000  143.000  144.000  143.000  144.000  144.000  144.000  145.000  144.000  141.000  141.000  145.000  147.000  149.000  157.000  168.000  168.000  154.000  147.000  146.000  146.000  146.000  144.000  142.000  140.000  140.000  139.000  138.000  139.000  138.000  139.000  138.000  139.000  139.000  140.000  140.000  139.000  139.000  139.000  140.000  140.000  139.000  139.000  139.000  137.000  136.000  136.000  137.000  136.000  135.000  135.000  136.000  136.000
 142.000  142.000  142.000  142.000  142.000  141.000  141.000  141.000  141.000  142.000  142.000  142.000  143.000  143.000  143.000  142.000  143.000  142.000  143.000  142.000  138.000  136.000  138.000  143.000  154.000  166.000  167.000  168.000  163.000  147.000  143.000  143.000  143.000  142.000  141.000  141.000  141.000  141.000  142.000  142.000  142.000  141.000  140.000  140.000  140.000  139.000  138.000  136.000  136.000  136.000  136.000  137.000  138.000  137.000  136.000  135.000  135.000  135.000  134.000  135.000  135.000  134.000  134.000  133.000
 141.000  142.000  142.000  140.000  141.000  141.000  140.000  141.000  141.000  141.000  141.000  141.000  141.000  140.000  141.000  141.000  141.000  141.000  142.000  141.000  134.000  129.000  131.000  135.000  153.000  156.000  153.000  157.000  152.000  146.000  145.000  145.000  144.000  145.000  146.000  145.000  144.000  143.000  142.000  142.000  141.000  140.000  140.000  139.000  140.000  141.000  140.000  139.000  138.000  137.000  136.000  135.000  134.000  134.000  135.000  135.000  135.000  136.000  135.000  134.000  134.000  133.000  134.000  134.000
 140.000  141.000  140.000  140.000  140.000  139.000  139.000  140.000  139.000  138.000  139.000  138.000  139.000  139.000  140.000  140.000  140.000  140.000  141.000  141.000  133.000  128.000  129.000  136.000  154.000  149.000  144.000  148.000  146.000  147.000  146.000  146.000  145.000  146.000  145.000  143.000  143.000  141.000  140.000  140.000  139.000  138.000  137.000  137.000  137.000  137.000  137.000  135.000  135.000  134.000  135.000  135.000  135.000  135.000  135.000  136.000  136.000  135.000  135.000  134.000  133.000  133.000  132.000  132.000
 140.000  140.000  139.000  139.000  140.000  138.000  138.000  138.000  138.000  138.000  139.000  138.000  139.000  138.000  139.000  139.000  140.000  141.000  141.000  141.000  136.000  131.000  131.000  138.000  152.000  152.000  156.000  156.000  146.000  143.000  141.000  140.000  140.000  140.000  141.000  141.000  141.000  140.000  138.000  138.000  138.000  137.000  136.000  135.000  135.000  135.000  136.000  136.000  135.000  135.000  134.000  134.000  134.000  134.000  135.000  136.000  135.000  134.000  133.000  132.000  132.000  132.000  131.000  132.000
 139.000  140.000  138.000  138.000  139.000  138.000  138.000  136.000  137.000  137.000  137.000  138.000  138.000  139.000  140.000  141.000  142.000  144.000  143.000  142.000  140.000  135.000  131.000  130.000  145.000  146.000  147.000  147.000  138.000  136.000  137.000  136.000  137.000  137.000  137.000  138.000  138.000  138.000  136.000  136.000  135.000  135.000  134.000  133.000  134.000  135.000  136.000  136.000  136.000  136.000  134.000  133.000  134.000  133.000  133.000  132.000  132.000  133.000  133.000  132.000  132.000  132.000  132.000  132.000
 138.000  138.000  138.000  138.000  138.000  137.000  137.000  137.000  138.000  140.000  142.000  142.000  142.000  140.000  140.000  139.000  140.000  140.000  141.000  140.000  139.000  137.000  133.000  119.000  122.000  134.000  135.000  117.000  79.000  105.000  132.000  133.000  135.000  135.000  133.000  133.000  135.000  136.000  135.000  135.000  134.000  133.000  133.000  133.000  133.000  134.000  135.000  135.000  136.000  134.000  133.000  133.000  133.000  132.000  132.000  132.000  133.000  132.000  133.000  132.000  132.000  133.000  132.000  132.000
 138.000  139.000  140.000  138.000  139.000  139.000  140.000  141.000  141.000  140.000  140.000  140.000  141.000  140.000  140.000  140.000  139.000  139.000  138.000  135.000  133.000  132.000  133.000  127.000  121.000  118.000  116.000  71.000  27.000  33.000  92.000  127.000  129.000  131.000  132.000  132.000  133.000  135.000  135.000  135.000  135.000  133.000  133.000  133.000  133.000  133.000  132.000  132.000  132.000  132.000  132.000  133.000  133.000  132.000  132.000  132.000  132.000  133.000  133.000  132.000  132.000  131.000  131.000  131.000
 140.000  140.000  140.000  140.000  140.000  139.000  139.000  139.000  140.000  140.000  139.000  139.000  138.000  138.000  138.000  137.000  136.000  137.000  138.000  136.000  132.000  128.000  127.000  125.000  122.000  121.000  117.000  78.000  24.000  21.000  29.000  75.000  117.000  128.000  132.000  133.000  133.000  134.000  136.000  135.000  135.000  134.000  133.000  132.000  132.000  132.000  131.000  132.000  133.000  134.000  134.000  135.000  134.000  133.000  133.000  134.000  134.000  133.000  133.000  133.000  132.000  131.000  130.000  129.000
 139.000  139.000  140.000  139.000  139.000  138.000  139.000  140.000  139.000  138.000  137.000  136.000  136.000  136.000  137.000  138.000  138.000  137.000  137.000  134.000  127.000  120.000  112.000  114.000  116.000  118.000  121.000  102.000  28.000  20.000  18.000  20.000  48.000  102.000  129.000  132.000  132.000  132.000  134.000  133.000  132.000  132.000  133.000  133.000  133.000  135.000  135.000  135.000  135.000  135.000  135.000  135.000  135.000  134.000  133.000  133.000  133.000  132.000  132.000  132.000  131.000  130.000  130.000  130.000
 139.000  138.000  138.000  137.000  137.000  138.000  138.000  138.000  138.000  138.000  137.000  137.000  136.000  136.000  137.000  137.000  136.000  137.000  136.000  130.000  123.000  116.000  105.000  102.000  109.000  115.000  123.000  106.000  26.000  16.000  14.000  15.000  17.000  46.000  118.000  129.000  130.000  131.000  132.000  133.000  133.000  134.000  135.000  134.000  134.000  134.000  133.000  133.000  133.000  134.000  134.000  132.000  132.000  132.000  133.000  132.000  132.000  132.000  132.000  132.000  132.000  132.000  130.000  129.000
 138.000  138.000  138.000  138.000  138.000  137.000  137.000  137.000  137.000  136.000  137.000  136.000  135.000  135.000  135.000  135.000  136.000  136.000  135.000  128.000  121.000  114.000  104.000  92.000  98.000  106.000  116.000  90.000  20.000  16.000  14.000  16.000  14.000  20.000  93.000  128.000  130.000  130.000  131.000  132.000  133.000  134.000  135.000  135.000  134.000  133.000  131.000  131.000  132.000  131.000  132.000  132.000  132.000  132.000  133.000  133.000  134.000  133.000  132.000  132.000  132.000  131.000  129.000  128.000
 137.000  136.000  136.000  136.000  136.000  136.000  136.000  136.000  137.000  136.000  134.000  135.000  135.000  135.000  135.000  136.000  136.000  136.000  136.000  129.000  119.000  112.000  107.000  93.000  91.000  98.000  103.000  68.000  17.000  14.000  11.000  9.000  7.000  7.000  52.000  125.000  129.000  129.000  129.000  130.000  131.000  131.000  131.000  131.000  130.000  130.000  130.000  131.000  131.000  130.000  131.000  132.000  132.000  133.000  133.000  133.000  133.000  131.000  130.000  130.000  130.000  131.000  129.000  128.000
 136.000  136.000  137.000  137.000  136.000  136.000  135.000  134.000  135.000  135.000  135.000  136.000  135.000  136.000  135.000  135.000  136.000  136.000  136.000  131.000  117.000  111.000  109.000  100.000  93.000  95.000  100.000  72.000  16.000  7.000  7.000  10.000  14.000  15.000  25.000  100.000  127.000  128.000  129.000  130.000  130.000  130.000  131.000  131.000  131.000  131.000  131.000  131.000  132.000  132.000  133.000  133.000  133.000  133.000  132.000  132.000  131.000  132.000  131.000  130.000  130.000  129.000  126.000  124.000
 136.000  136.000  137.000  136.000  136.000  136.000  136.000  135.000  135.000  135.000  135.000  135.000  134.000  134.000  134.000  135.000  135.000  134.000  134.000  130.000  115.000  109.000  109.000  105.000  98.000  96.000  97.000  87.000  23.000  10.000  17.000  16.000  17.000  17.000  17.000  77.000  127.000  129.000  129.000  128.000  129.000  129.000  129.000  130.000  130.000  129.000  130.000  129.000  129.000  130.000  130.000  130.000  131.000  133.000  133.000  132.000  132.000  131.000  130.000  128.000  127.000  124.000  126.000  129.000
 135.000  135.000  136.000  136.000  135.000  135.000  135.000  135.000  135.000  135.000  135.000  134.000  134.000  134.000  134.000  134.000  134.000  134.000  133.000  131.000  116.000  109.000  108.000  106.000  100.000  97.000  93.000  76.000  23.000  10.000  15.000  15.000  14.000  10.000  8.000  64.000  110.000  102.000  124.000  127.000  128.000  128.000  128.000  129.000  128.000  125.000  124.000  126.000  127.000  128.000  128.000  131.000  133.000  134.000  133.000  132.000  130.000  128.000  127.000  127.000  123.000  126.000  130.000  130.000
 135.000  134.000  134.000  135.000  135.000  134.000  134.000  134.000  134.000  134.000  132.000  131.000  132.000  133.000  134.000  134.000  133.000  133.000  132.000  131.000  120.000  108.000  104.000  103.000  99.000  94.000  84.000  65.000  25.000  8.000  8.000  8.000  5.000  6.000  9.000  27.000  34.000  33.000  95.000  125.000  127.000  127.000  126.000  127.000  127.000  125.000  125.000  127.000  128.000  129.000  128.000  129.000  130.000  131.000  131.000  130.000  128.000  128.000  127.000  128.000  128.000  127.000  127.000  126.000
 134.000  134.000  135.000  135.000  134.000  134.000  133.000  132.000  133.000  134.000  132.000  131.000  131.000  132.000  132.000  132.000  131.000  131.000  130.000  129.000  123.000  110.000  104.000  95.000  66.000  44.000  35.000  27.000  17.000  8.000  6.000  6.000  10.000  15.000  17.000  18.000  22.000  22.000  42.000  109.000  124.000  123.000  125.000  126.000  127.000  128.000  128.000  127.000  126.000  125.000  125.000  126.000  128.000  131.000  131.000  130.000  130.000  131.000  129.000  129.000  127.000  127.000  127.000  127.000
 134.000  133.000  133.000  133.000  134.000  133.000  132.000  133.000  133.000  133.000  131.000  130.000  129.000  130.000  131.000  131.000  130.000  130.000  128.000  127.000  124.000  114.000  95.000  58.000  47.000  65.000  74.000  61.000  47.000  16.000  6.000  7.000  10.000  14.000  18.000  30.000  85.000  56.000  23.000  53.000  107.000  123.000  124.000  126.000  126.000  124.000  123.000  123.000  123.000  124.000  125.000  123.000  126.000  130.000  131.000  129.000  127.000  126.000  126.000  128.000  129.000  128.000  127.000  126.000
 132.000  133.000  132.000  132.000  132.000  132.000  132.000  132.000  132.000  132.000  131.000  128.000  127.000  129.000  131.000  130.000  130.000  128.000  126.000  124.000  121.000  113.000  74.000  63.000  86.000  84.000  84.000  65.000  41.000  39.000  14.000  5.000  10.000  10.000  13.000  22.000  78.000  54.000  14.000  18.000  86.000  121.000  122.000  123.000  121.000  122.000  123.000  123.000  124.000  123.000  123.000  123.000  123.000  125.000  128.000  130.000  129.000  129.000  128.000  128.000  128.000  128.000  128.000  126.000
 133.000  133.000  133.000  132.000  132.000  131.000  131.000  132.000  131.000  131.000  130.000  128.000  126.000  126.000  127.000  128.000  128.000  127.000  124.000  122.000  120.000  111.000  55.000  68.000  86.000  79.000  73.000  43.000  46.000  70.000  43.000  22.000  24.000  15.000  16.000  10.000  12.000  15.000  8.000  17.000  91.000  120.000  121.000  120.000  119.000  121.000  124.000  123.000  123.000  123.000  122.000  122.000  123.000  126.000  129.000  131.000  130.000  128.000  128.000  127.000  127.000  127.000  126.000  125.000
 134.000  133.000  133.000  131.000  129.000  130.000  131.000  132.000  132.000  132.000  131.000  129.000  126.000  125.000  126.000  128.000  128.000  126.000  123.000  119.000  116.000  108.000  49.000  64.000  84.000  76.000  57.000  31.000  60.000  74.000  79.000  96.000  71.000  14.000  8.000  4.000  6.000  6.000  7.000  9.000  58.000  112.000  115.000  120.000  122.000  122.000  122.000  121.000  120.000  120.000  121.000  121.000  121.000  123.000  126.000  129.000  129.000  128.000  128.000  126.000  127.000  127.000  125.000  124.000
