 140.000  139.000  140.000  140.000  140.000  140.000  141.000  141.000  142.000  143.000  142.000  143.000  144.000  142.000  141.000  152.000  170.000  176.000  180.000  182.000  184.000  187.000  189.000  191.000  193.000  195.000  196.000  195.000  195.000  194.000  191.000  188.000  188.000  185.000  181.000  178.000  175.000  171.000  168.000  163.000  150.000  141.000  142.000  142.000  142.000  142.000  142.000  142.000  142.000  141.000  140.000  140.000  140.000  140.000  140.000  139.000  138.000  137.000  135.000  133.000  131.000  130.000  129.000  129.000
 138.000  139.000  139.000  139.000  139.000  140.000  139.000  139.000  140.000  141.000  141.000  142.000  141.000  141.000  142.000  148.000  166.000  172.000  175.000  177.000  180.000  182.000  184.000  185.000  188.000  187.000  187.000  186.000  186.000  184.000  180.000  176.000  173.000  168.000  164.000  160.000  157.000  154.000  148.000  144.000  141.000  141.000  141.000  140.000  141.000  142.000  142.000  142.000  142.000  141.000  140.000  140.000  140.000  139.000  139.000  139.000  138.000  137.000  135.000  133.000  132.000  131.000  129.000  127.000
 140.000  140.000  139.000  139.000  140.000  140.000  140.000  140.000  141.000  142.000  143.000  143.000  143.000  143.000  142.000  144.000  152.000  152.000  154.000  156.000  157.000  157.000  158.000  158.000  159.000  158.000  156.000  153.000  152.000  152.000  150.000  148.000  148.000  146.000  145.000  144.000  143.000  143.000  143.000  143.000  142.000  141.000  142.000  141.000  142.000  142.000  142.000  142.000  141.000  140.000  140.000  140.000  140.000  140.000  139.000  138.000  139.000  138.000  136.000  134.000  131.000  125.000  121.000  117.000
 141.000  141.000  140.000  140.000  140.000  141.000  143.000  143.000  142.000  143.000  143.000  143.000  144.000  144.000  144.000  144.000  145.000  146.000  146.000  146.000  146.000  146.000  147.000  149.000  149.000  149.000  148.000  148.000  147.000  147.000  146.000  145.000  145.000  145.000  144.000  143.000  143.000  142.000  143.000  143.000  143.000  143.000  143.000  142.000  141.000  142.000  142.000  142.000  140.000  140.000  140.000  140.000  140.000  138.000  138.000  137.000  137.000  136.000  134.000  133.000  131.000  123.000  113.000  112.000
 141.000  141.000  140.000  140.000  141.000  141.000  143.000  143.000  141.000  143.000  144.000  145.000  145.000  145.000  144.000  144.000  145.000  146.000  147.000  147.000  148.000  149.000  150.000  150.000  151.000  151.000  150.000  150.000  148.000  147.000  146.000  145.000  145.000  143.000  143.000  142.000  142.000  142.000  142.000  142.000  142.000  141.000  142.000  141.000  140.000  140.000  141.000  141.000  140.000  140.000  140.000  140.000  140.000  139.000  139.000  138.000  137.000  136.000  134.000  134.000  134.000  133.000  118.000  66.000
 141.000  142.000  141.000  142.000  142.000  143.000  143.000  143.000  144.000  144.000  145.000  145.000  145.000  146.000  146.000  144.000  144.000  145.000  146.000  147.000  147.000  148.000  149.000  150.000  151.000  150.000  150.000  149.000  149.000  148.000  146.000  145.000  146.000  144.000  144.000  143.000  142.000  143.000  143.000  142.000  141.000  141.000  142.000  141.000  141.000  140.000  141.000  141.000  141.000  141.000  141.000  141.000  140.000  140.000  140.000  139.000  138.000  136.000  136.000  136.000  136.000  137.000  132.000  94.000
 141.000  142.000  142.000  141.000  141.000  142.000  143.000  143.000  144.000  144.000  144.000  144.000  144.000  145.000  145.000  145.000  145.000  146.000  146.000  148.000  149.000  150.000  151.000  152.000  153.000  153.000  152.000  151.000  151.000  151.000  148.000  147.000  148.000  146.000  145.000  143.000  143.000  143.000  143.000  143.000  143.000  143.000  144.000  142.000  142.000  141.000  141.000  141.000  140.000  141.000  142.000  141.000  140.000  139.000  139.000  138.000  138.000  138.000  137.000  137.000  138.000  139.000  138.000  130.000
 142.000  141.000  142.000  141.000  141.000  140.000  141.000  143.000  144.000  144.000  144.000  145.000  145.000  146.000  146.000  146.000  147.000  147.000  148.000  149.000  150.000  152.000  152.000  153.000  155.000  156.000  155.000  154.000  153.000  152.000  150.000  148.000  148.000  147.000  147.000  145.000  144.000  144.000  143.000  143.000  144.000  143.000  143.000  144.000  143.000  142.000  142.000  141.000  141.000  141.000  143.000  143.000  142.000  142.000  141.000  140.000  139.000  138.000  137.000  137.000  138.000  138.000  138.000  138.000
 142.000  142.000  141.000  141.000  142.000  142.000  143.000  143.000  143.000  144.000  144.000  145.000  146.000  147.000  146.000  147.000  148.000  149.000  150.000  151.000  152.000  153.000  155.000  156.000  157.000  157.000  156.000  154.000  153.000  150.000  149.000  148.000  148.000  147.000  147.000  146.000  144.000  144.000  144.000  144.000  145.000  145.000  144.000  144.000  144.000  144.000  144.000  144.000  142.000  143.000  144.000  144.000  144.000  143.000  141.000  140.000  138.000  137.000  136.000  137.000  137.000  137.000  138.000  138.000
 142.000  143.000  143.000  142.000  144.000  145.000  145.000  144.000  144.000  145.000  145.000  145.000  147.000  147.000  147.000  147.000  148.000  149.000  150.000  151.000  153.000  155.000  156.000  155.000  156.000  156.000  156.000  156.000  154.000  152.000  151.000  150.000  149.000  148.000  147.000  147.000  146.000  146.000  146.000  146.000  146.000  146.000  145.000  145.000  145.000  144.000  145.000  145.000  144.000  143.000  144.000  144.000  143.000  143.000  142.000  140.000  139.000  139.000  138.000  138.000  138.000  138.000  138.000  138.000
 144.000  144.000  142.000  142.000  141.000  141.000  142.000  142.000  144.000  145.000  145.000  146.000  146.000  146.000  145.000  146.000  147.000  148.000  150.000  151.000  153.000  155.000  155.000  155.000  156.000  157.000  155.000  155.000  154.000  153.000  152.000  151.000  148.000  147.000  148.000  147.000  146.000  146.000  146.000  145.000  145.000  145.000  145.000  144.000  144.000  144.000  145.000  144.000  145.000  144.000  144.000  144.000  143.000  142.000  141.000  139.000  139.000  138.000  138.000  138.000  138.000  138.000  138.000  138.000
 143.000  144.000  143.000  144.000  144.000  143.000  143.000  143.000  143.000  144.000  145.000  146.000  147.000  147.000  147.000  148.000  149.000  149.000  151.000  153.000  154.000  155.000  156.000  157.000  158.000  159.000  158.000  156.000  156.000  154.000  153.000  152.000  150.000  149.000  149.000  149.000  148.000  147.000  147.000  146.000  145.000  146.000  145.000  146.000  146.000  145.000  145.000  144.000  144.000  144.000  144.000  143.000  143.000  143.000  141.000  140.000  139.000  138.000  138.000  138.000  138.000  138.000  138.000  138.000
 143.000  144.000  144.000  143.000  144.000  144.000  144.000  145.000  145.000  146.000  147.000  148.000  148.000  148.000  148.000  149.000  149.000  150.000  152.000  153.000  154.000  156.000  157.000  158.000  158.000  159.000  159.000  158.000  157.000  155.000  154.000  153.000  152.000  150.000  149.000  148.000  147.000  146.000  145.000  145.000  144.000  144.000  144.000  145.000  145.000  144.000  144.000  144.000  144.000  143.000  142.000  142.000  141.000  141.000  141.000  140.000  139.000  139.000  139.000  139.000  138.000  138.000  137.000  137.000
 143.000  143.000  144.000  145.000  145.000  145.000  145.000  145.000  145.000  145.000  146.000  147.000  147.000  147.000  147.000  148.000  148.000  150.000  152.000  153.000  154.000  155.000  157.000  156.000  156.000  158.000  158.000  158.000  157.000  155.000  154.000  152.000  151.000  149.000  148.000  149.000  148.000  147.000  145.000  145.000  144.000  143.000  142.000  143.000  142.000  143.000  142.000  143.000  143.000  143.000  141.000  142.000  142.000  142.000  142.000  141.000  141.000  140.000  140.000  139.000  139.000  138.000  138.000  138.000
 143.000  143.000  144.000  145.000  145.000  145.000  145.000  145.000  146.000  145.000  145.000  146.000  146.000  147.000  147.000  147.000  148.000  150.000  152.000  153.000  154.000  156.000  157.000  157.000  158.000  159.000  159.000  158.000  157.000  156.000  154.000  154.000  153.000  150.000  148.000  147.000  147.000  146.000  145.000  143.000  142.000  142.000  142.000  143.000  143.000  144.000  143.000  142.000  144.000  143.000  142.000  142.000  142.000  141.000  141.000  142.000  142.000  141.000  139.000  139.000  139.000  137.000  137.000  137.000
 145.000  144.000  144.000  144.000  144.000  144.000  145.000  144.000  144.000  145.000  146.000  147.000  147.000  148.000  148.000  148.000  149.000  150.000  151.000  153.000  154.000  155.000  157.000  158.000  158.000  159.000  160.000  158.000  157.000  156.000  155.000  154.000  151.000  149.000  147.000  147.000  147.000  146.000  145.000  145.000  144.000  143.000  142.000  143.000  142.000  142.000  142.000  143.000  144.000  143.000  143.000  143.000  142.000  142.000  142.000  142.000  140.000  139.000  139.000  138.000  138.000  138.000  137.000  136.000
 143.000  143.000  143.000  143.000  144.000  144.000  144.000  145.000  145.000  146.000  146.000  146.000  147.000  147.000  147.000  148.000  150.000  150.000  151.000  153.000  154.000  155.000  156.000  157.000  159.000  160.000  160.000  159.000  157.000  156.000  155.000  154.000  152.000  151.000  149.000  148.000  147.000  147.000  146.000  145.000  144.000  143.000  143.000  143.000  143.000  142.000  143.000  143.000  142.000  142.000  141.000  140.000  140.000  139.000  138.000  139.000  139.000  139.000  139.000  138.000  137.000  137.000  137.000  136.000
 142.000  143.000  143.000  144.000  144.000  144.000  144.000  145.000  145.000  146.000  147.000  147.000  149.000  149.000  148.000  149.000  150.000  150.000  150.000  151.000  152.000  154.000  155.000  156.000  157.000  158.000  158.000  158.000  157.000  155.000  155.000  154.000  153.000  152.000  150.000  148.000  147.000  147.000  146.000  145.000  144.000  143.000  142.000  140.000  139.000  138.000  139.000  140.000  141.000  140.000  139.000  138.000  139.000  138.000  138.000  138.000  137.000  138.000  137.000  136.000  135.000  135.000  135.000  134.000
 144.000  144.000  144.000  144.000  144.000  145.000  145.000  145.000  146.000  147.000  148.000  148.000  149.000  148.000  148.000  149.000  149.000  150.000  149.000  151.000  152.000  154.000  154.000  156.000  157.000  158.000  158.000  158.000  159.000  157.000  156.000  155.000  153.000  151.000  149.000  148.000  146.000  144.000  144.000  144.000  143.000  142.000  142.000  140.000  139.000  139.000  139.000  139.000  140.000  139.000  137.000  137.000  137.000  137.000  137.000  137.000  136.000  137.000  136.000  137.000  136.000  136.000  136.000  136.000
 144.000  145.000  145.000  145.000  145.000  144.000  145.000  145.000  146.000  146.000  146.000  147.000  147.000  147.000  148.000  149.000  149.000  149.000  150.000  150.000  151.000  153.000  154.000  155.000  156.000  157.000  157.000  157.000  157.000  155.000  153.000  152.000  151.000  149.000  147.000  147.000  146.000  144.000  144.000  142.000  143.000  142.000  140.000  139.000  139.000  138.000  138.000  138.000  139.000  139.000  138.000  137.000  138.000  138.000  138.000  138.000  137.000  138.000  138.000  138.000  137.000  137.000  136.000  136.000
 144.000  144.000  144.000  145.000  145.000  144.000  144.000  145.000  145.000  145.000  146.000  146.000  147.000  147.000  147.000  147.000  148.000  148.000  148.000  148.000  150.000  151.000  152.000  152.000  153.000  154.000  155.000  156.000  155.000  154.000  153.000  151.000  151.000  149.000  147.000  146.000  145.000  143.000  143.000  141.000  141.000  140.000  139.000  139.000  138.000  138.000  138.000  138.000  139.000  139.000  139.000  138.000  138.000  138.000  138.000  138.000  137.000  138.000  137.000  137.000  136.000  136.000  135.000  134.000
 144.000  144.000  144.000  144.000  144.000  144.000  145.000  145.000  145.000  145.000  146.000  145.000  145.000  145.000  145.000  145.000  146.000  147.000  147.000  147.000  149.000  150.000  150.000  151.000  152.000  153.000  155.000  156.000  154.000  154.000  152.000  151.000  150.000  148.000  147.000  146.000  144.000  143.000  142.000  141.000  141.000  140.000  140.000  139.000  138.000  138.000  137.000  138.000  138.000  138.000  138.000  138.000  137.000  137.000  137.000  137.000  137.000  137.000  136.000  136.000  136.000  135.000  135.000  134.000
 144.000  144.000  144.000  143.000  143.000  143.000  143.000  142.000  143.000  143.000  144.000  145.000  146.000  145.000  145.000  144.000  145.000  147.000  146.000  147.000  148.000  148.000  148.000  150.000  152.000  153.000  154.000  154.000  153.000  152.000  152.000  151.000  149.000  148.000  147.000  145.000  145.000  143.000  141.000  141.000  142.000  141.000  140.000  140.000  139.000  138.000  137.000  136.000  136.000  137.000  137.000  136.000  137.000  137.000  137.000  137.000  137.000  136.000  135.000  135.000  135.000  135.000  136.000  136.000
 141.000  142.000  142.000  143.000  144.000  144.000  143.000  142.000  144.000  144.000  144.000  145.000  146.000  145.000  145.000  145.000  146.000  146.000  146.000  147.000  147.000  148.000  149.000  150.000  151.000  152.000  153.000  153.000  152.000  152.000  152.000  151.000  149.000  147.000  146.000  145.000  144.000  143.000  142.000  141.000  141.000  140.000  139.000  138.000  137.000  137.000  136.000  136.000  136.000  137.000  137.000  137.000  136.000  135.000  135.000  136.000  136.000  136.000  136.000  137.000  138.000  139.000  138.000  137.000
 143.000  143.000  143.000  144.000  143.000  143.000  142.000  143.000  143.000  143.000  144.000  144.000  144.000  144.000  144.000  145.000  146.000  145.000  145.000  146.000  146.000  147.000  149.000  149.000  150.000  151.000  152.000  151.000  151.000  150.000  150.000  149.000  148.000  147.000  145.000  145.000  142.000  141.000  140.000  140.000  139.000  140.000  140.000  138.000  137.000  137.000  136.000  135.000  135.000  137.000  138.000  137.000  138.000  140.000  140.000  141.000  141.000  141.000  141.000  139.000  137.000  137.000  136.000  136.000
 142.000  141.000  141.000  143.000  141.000  141.000  141.000  142.000  142.000  142.000  143.000  144.000  145.000  144.000  144.000  144.000  145.000  145.000  145.000  145.000  144.000  145.000  147.000  147.000  149.000  150.000  161.000  156.000  149.000  148.000  148.000  148.000  147.000  146.000  143.000  142.000  142.000  141.000  140.000  139.000  138.000  138.000  138.000  137.000  137.000  137.000  139.000  139.000  139.000  141.000  142.000  140.000  140.000  140.000  141.000  139.000  138.000  137.000  137.000  136.000  135.000  135.000  135.000  136.000
 142.000  142.000  142.000  142.000  142.000  143.000  143.000  141.000  142.000  143.000  143.000  143.000  143.000  144.000  143.000  144.000  145.000  144.000  145.000  144.000  141.000  141.000  145.000  147.000  149.000  157.000  168.000  167.000  154.000  148.000  146.000  146.000  146.000  144.000  142.000  140.000  140.000  139.000  139.000  139.000  138.000  138.000  138.000  139.000  140.000  140.000  140.000  139.000  139.000  139.000  140.000  140.000  139.000  139.000  139.000  137.000  136.000  136.000  137.000  137.000  135.000  136.000  136.000  136.000
 143.000  143.000  143.000  143.000  142.000  141.000  142.000  141.000  141.000  142.000  142.000  142.000  143.000  143.000  143.000  142.000  143.000  142.000  143.000  142.000  138.000  136.000  138.000  143.000  154.000  166.000  167.000  168.000  163.000  148.000  143.000  143.000  143.000  143.000  141.000  142.000  141.000  141.000  142.000  143.000  142.000  142.000  140.000  139.000  140.000  140.000  138.000  136.000  137.000  136.000  136.000  137.000  138.000  138.000  136.000  135.000  136.000  135.000  134.000  135.000  134.000  134.000  134.000  133.000
 142.000  142.000  142.000  141.000  141.000  141.000  140.000  140.000  140.000  141.000  141.000  141.000  140.000  139.000  141.000  141.000  141.000  141.000  142.000  141.000  135.000  130.000  131.000  135.000  153.000  156.000  154.000  157.000  152.000  145.000  145.000  144.000  144.000  145.000  145.000  145.000  144.000  143.000  142.000  142.000  141.000  140.000  140.000  140.000  140.000  141.000  140.000  139.000  139.000  137.000  136.000  135.000  135.000  135.000  135.000  135.000  136.000  136.000  134.000  134.000  134.000  133.000  134.000  134.000
 140.000  142.000  140.000  140.000  141.000  140.000  139.000  140.000  140.000  139.000  140.000  139.000  140.000  138.000  140.000  139.000  140.000  140.000  141.000  141.000  133.000  128.000  129.000  136.000  154.000  149.000  143.000  148.000  146.000  146.000  146.000  145.000  145.000  145.000  144.000  143.000  142.000  141.000  141.000  141.000  139.000  137.000  137.000  137.000  137.000  137.000  137.000  136.000  135.000  135.000  135.000  136.000  136.000  135.000  136.000  136.000  136.000  135.000  135.000  134.000  134.000  133.000  132.000  132.000
 140.000  140.000  139.000  140.000  141.000  139.000  139.000  139.000  139.000  139.000  139.000  138.000  138.000  138.000  139.000  139.000  139.000  141.000  141.000  140.000  136.000  131.000  131.000  138.000  152.000  152.000  155.000  156.000  146.000  143.000  142.000  140.000  140.000  140.000  141.000  141.000  141.000  140.000  138.000  138.000  137.000  136.000  136.000  136.000  136.000  135.000  136.000  137.000  135.000  136.000  135.000  134.000  135.000  135.000  136.000  136.000  135.000  134.000  133.000  132.000  132.000  132.000  132.000  132.000
 138.000  139.000  138.000  138.000  139.000  138.000  138.000  137.000  137.000  138.000  137.000  138.000  138.000  139.000  140.000  140.000  142.000  143.000  143.000  142.000  140.000  135.000  131.000  130.000  145.000  146.000  147.000  147.000  138.000  135.000  138.000  136.000  137.000  137.000  137.000  138.000  139.000  138.000  136.000  136.000  135.000  135.000  133.000  133.000  134.000  135.000  136.000  136.000  136.000  136.000  135.000  134.000  134.000  133.000  133.000  132.000  132.000  133.000  133.000  132.000  133.000  132.000  132.000  132.000
 138.000  138.000  138.000  138.000  138.000  137.000  137.000  138.000  139.000  141.000  142.000  142.000  142.000  141.000  140.000  138.000  140.000  141.000  141.000  140.000  139.000  137.000  132.000  119.000  122.000  134.000  135.000  122.000  77.000  91.000  129.000  133.000  135.000  135.000  133.000  133.000  135.000  136.000  135.000  135.000  134.000  133.000  132.000  133.000  134.000  134.000  134.000  135.000  136.000  135.000  134.000  133.000  133.000  132.000  132.000  133.000  133.000  133.000  133.000  132.000  132.000  132.000  132.000  132.000
 139.000  139.000  139.000  139.000  139.000  139.000  140.000  141.000  141.000  141.000  140.000  140.000  141.000  140.000  140.000  139.000  139.000  139.000  138.000  136.000  133.000  131.000  132.000  126.000  121.000  118.000  115.000  87.000  29.000  28.000  72.000  123.000  129.000  131.000  132.000  132.000  133.000  134.000  135.000  135.000  134.000  133.000  132.000  133.000  134.000  134.000  133.000  132.000  132.000  132.000  133.000  134.000  133.000  132.000  132.000  133.000  133.000  133.000  133.000  133.000  132.000  132.000  130.000  130.000
 140.000  139.000  140.000  139.000  139.000  140.000  139.000  139.000  140.000  140.000  139.000  139.000  139.000  138.000  138.000  137.000  136.000  137.000  138.000  137.000  133.000  128.000  126.000  124.000  122.000  121.000  117.000  96.000  29.000  22.000  23.000  60.000  110.000  127.000  132.000  132.000  133.000  134.000  136.000  135.000  134.000  134.000  133.000  133.000  132.000  132.000  132.000  132.000  134.000  135.000  135.000  136.000  134.000  133.000  133.000  134.000  134.000  134.000  133.000  132.000  131.000  131.000  130.000  129.000
 140.000  139.000  139.000  138.000  138.000  139.000  139.000  140.000  138.000  138.000  137.000  136.000  135.000  136.000  137.000  138.000  138.000  137.000  137.000  134.000  128.000  121.000  111.000  111.000  115.000  117.000  121.000  116.000  36.000  21.000  18.000  18.000  38.000  90.000  128.000  132.000  132.000  132.000  133.000  133.000  132.000  132.000  133.000  133.000  133.000  135.000  135.000  136.000  135.000  135.000  135.000  135.000  135.000  134.000  134.000  133.000  133.000  133.000  132.000  132.000  131.000  131.000  130.000  130.000
 139.000  138.000  137.000  137.000  137.000  138.000  137.000  137.000  138.000  137.000  137.000  137.000  136.000  136.000  136.000  136.000  136.000  137.000  136.000  131.000  125.000  116.000  104.000  99.000  106.000  113.000  122.000  118.000  35.000  17.000  14.000  15.000  17.000  34.000  110.000  129.000  130.000  130.000  132.000  133.000  134.000  134.000  135.000  134.000  134.000  134.000  134.000  133.000  134.000  134.000  134.000  133.000  132.000  132.000  133.000  133.000  133.000  132.000  132.000  132.000  132.000  132.000  130.000  129.000
 138.000  138.000  138.000  137.000  137.000  137.000  136.000  136.000  136.000  136.000  137.000  136.000  134.000  134.000  134.000  135.000  136.000  135.000  136.000  129.000  122.000  115.000  104.000  91.000  96.000  105.000  114.000  103.000  25.000  16.000  15.000  15.000  15.000  16.000  77.000  127.000  130.000  130.000  131.000  133.000  133.000  134.000  135.000  135.000  133.000  133.000  131.000  132.000  132.000  132.000  132.000  132.000  132.000  132.000  133.000  133.000  134.000  133.000  132.000  132.000  132.000  130.000  129.000  128.000
 137.000  136.000  136.000  136.000  136.000  136.000  136.000  135.000  136.000  136.000  135.000  135.000  135.000  135.000  135.000  136.000  136.000  136.000  136.000  130.000  120.000  113.000  107.000  93.000  90.000  98.000  102.000  81.000  19.000  15.000  11.000  9.000  7.000  7.000  37.000  119.000  129.000  129.000  129.000  130.000  130.000  131.000  132.000  131.000  131.000  130.000  130.000  131.000  131.000  131.000  131.000  132.000  133.000  133.000  133.000  133.000  133.000  132.000  130.000  131.000  130.000  130.000  130.000  128.000
 136.000  137.000  137.000  138.000  137.000  136.000  135.000  135.000  134.000  135.000  135.000  136.000  135.000  136.000  135.000  135.000  136.000  136.000  136.000  132.000  118.000  111.000  109.000  100.000  94.000  95.000  100.000  85.000  20.000  7.000  7.000  10.000  14.000  15.000  21.000  87.000  126.000  128.000  128.000  129.000  129.000  129.000  131.000  131.000  131.000  131.000  130.000  131.000  132.000  132.000  133.000  134.000  133.000  133.000  132.000  132.000  131.000  131.000  131.000  130.000  130.000  129.000  126.000  124.000
 136.000  137.000  137.000  136.000  136.000  136.000  136.000  136.000  135.000  135.000  135.000  135.000  134.000  134.000  134.000  134.000  134.000  134.000  133.000  131.000  117.000  109.000  108.000  105.000  98.000  96.000  97.000  93.000  31.000  9.000  18.000  15.000  17.000  17.000  17.000  63.000  126.000  129.000  129.000  128.000  129.000  129.000  129.000  130.000  130.000  129.000  129.000  129.000  129.000  130.000  130.000  130.000  131.000  133.000  133.000  132.000  131.000  131.000  130.000  128.000  126.000  124.000  126.000  129.000
 134.000  135.000  135.000  135.000  134.000  135.000  135.000  135.000  135.000  135.000  135.000  134.000  134.000  135.000  134.000  134.000  134.000  134.000  133.000  132.000  119.000  110.000  108.000  106.000  100.000  97.000  94.000  79.000  28.000  9.000  14.000  15.000  14.000  11.000  8.000  50.000  111.000  102.000  123.000  127.000  127.000  127.000  127.000  128.000  128.000  126.000  124.000  126.000  127.000  128.000  129.000  131.000  133.000  133.000  133.000  132.000  130.000  128.000  127.000  127.000  123.000  126.000  130.000  130.000
 135.000  134.000  133.000  134.000  134.000  134.000  135.000  135.000  134.000  134.000  133.000  131.000  132.000  133.000  134.000  134.000  133.000  133.000  132.000  132.000  123.000  110.000  105.000  103.000  99.000  91.000  82.000  64.000  29.000  9.000  7.000  8.000  5.000  6.000  8.000  24.000  34.000  31.000  88.000  125.000  127.000  127.000  126.000  127.000  127.000  125.000  125.000  127.000  128.000  129.000  128.000  129.000  130.000  131.000  131.000  131.000  128.000  128.000  127.000  128.000  128.000  127.000  127.000  126.000
 134.000  134.000  134.000  135.000  134.000  134.000  133.000  132.000  133.000  133.000  132.000  131.000  131.000  132.000  132.000  132.000  131.000  131.000  130.000  129.000  124.000  111.000  103.000  91.000  58.000  38.000  35.000  27.000  18.000  9.000  7.000  6.000  9.000  15.000  16.000  18.000  21.000  23.000  37.000  103.000  123.000  124.000  125.000  126.000  127.000  128.000  128.000  127.000  126.000  125.000  124.000  126.000  128.000  131.000  131.000  130.000  130.000  131.000  129.000  128.000  127.000  127.000  127.000  126.000
 134.000  133.000  133.000  133.000  133.000  132.000  132.000  132.000  133.000  133.000  132.000  129.000  129.000  130.000  131.000  131.000  131.000  130.000  128.000  127.000  124.000  114.000  95.000  58.000  53.000  71.000  79.000  67.000  52.000  20.000  7.000  7.000  10.000  13.000  18.000  27.000  82.000  63.000  23.000  48.000  103.000  123.000  124.000  126.000  126.000  124.000  123.000  123.000  123.000  124.000  124.000  123.000  126.000  130.000  131.000  129.000  127.000  126.000  127.000  129.000  129.000  128.000  127.000  127.000
 132.000  132.000  132.000  132.000  131.000  132.000  132.000  132.000  132.000  133.000  131.000  128.000  127.000  129.000  130.000  130.000  129.000  129.000  126.000  124.000  121.000  114.000  74.000  63.000  87.000  83.000  82.000  66.000  41.000  43.000  18.000  4.000  9.000  10.000  12.000  19.000  72.000  57.000  15.000  15.000  77.000  120.000  122.000  122.000  121.000  121.000  123.000  124.000  124.000  123.000  123.000  124.000  124.000  126.000  128.000  130.000  129.000  129.000  129.000  128.000  128.000  128.000  128.000  127.000
 133.000  132.000  132.000  132.000  131.000  131.000  131.000  132.000  130.000  131.000  130.000  128.000  126.000  126.000  127.000  128.000  128.000  127.000  124.000  122.000  120.000  113.000  57.000  65.000  88.000  79.000  72.000  42.000  45.000  70.000  49.000  25.000  28.000  16.000  16.000  10.000  12.000  15.000  8.000  15.000  84.000  119.000  121.000  120.000  119.000  121.000  123.000  123.000  122.000  122.000  122.000  122.000  123.000  125.000  129.000  131.000  130.000  128.000  129.000  127.000  127.000  128.000  126.000  125.000
 134.000  133.000  133.000  130.000  129.000  129.000  131.000  132.000  132.000  132.000  131.000  129.000  126.000  125.000  126.000  128.000  128.000  126.000  123.000  119.000  116.000  109.000  56.000  60.000  86.000  77.000  55.000  31.000  60.000  74.000  80.000  97.000  78.000  16.000  7.000  4.000  6.000  6.000  7.000  8.000  54.000  110.000  115.000  119.000  121.000  121.000  122.000  121.000  120.000  120.000  121.000  121.000  122.000  123.000  125.000  129.000  129.000  129.000  129.000  127.000  127.000  127.000  125.000  124.000
